-84.36357779999999
-84.3785385
-84.280918
-84.380375
-84.4255140424
-84.3133151086
-84.3864441
-84.328604
-84.41155069999999
-84.3690906035
-84.383949
-84.393034
-84.3572405323
-84.3781593
-84.38257209999999
-84.2583752
-84.4057349
-84.4078676
-84.33994890000001
-84.3704558133
-84.27611
-84.372713
-84.4498588
-84.3484743
-84.409127
-84.393173
-84.4142397082
-84.378782
-84.39527079999999
-84.3923743
-84.3663421
-84.51142800000001
-84.44877199999999
-84.3656622762
-84.3372344971
-84.33990899999999
-84.38743199999999
-84.3857823
-84.38822859999999
-84.40711
-84.4054824845
-84.3896165
-84.2714165
-84.3548728
-84.4553615
-84.41600749999999
-84.3737958
-84.32516740000001
-84.464271
-84.3516188
-84.381834
-84.37946788970001
-84.3500888824
-84.3759874965
-84.38578220000001
-84.380113
-84.3356715
-84.3018199503
-84.439276
-84.3627295
-84.35181949999999
-84.37037590000001
-84.33453370000001
-84.2821337016
-84.3499138
-84.38837170000001
-84.38910761
-84.4903121093
-84.311766
-84.3260765076
-84.428791
-84.370798
-84.236067
-84.32948329999999
-84.46009487
-84.3722804
-84.2692726463
-84.37944959999999
-84.3095286613
-84.42908129999999
-84.472083
-84.3869660513
-84.3685283314
-84.2535615
-84.377161
-84.366095
-84.3862987129
-84.3812297657
-84.3976593018
-84.4499307
-84.3651514297
-84.34840390000001
-84.30196261430001
-84.378577
-84.37082770640001
-84.4298558682
-84.3413929603
-84.2752831
-84.333958
-84.33411540000002
-84.3882172555
-84.254703
-84.4197439575
-84.313582
-84.3742064
-84.46683490000001
-84.35225600000001
-84.46873302600001
-84.397368
-84.38701529999999
-84.387259
-84.373778
-84.474047
-84.3501652514
-84.37899
-84.3876914297
-84.2930869
-84.30635059999999
-84.28792740000002
-84.3123784507
-84.349710603
-84.3789368
-84.3788054
-84.3394522645
-84.3260238384
-84.3298882
-84.3908508765
-84.3819875
-84.40963199999999
-84.38750759999999
-84.3398056056
-84.33557900000001
-84.35284940000001
-84.42827449939999
-84.3395395
-84.3971927211
-84.33450490000001
-84.5349533
-84.387363
-84.37739429999999
-84.357773
-84.40788959999999
-84.41574859999999
-84.37531
-84.29358825899999
-84.3655002
-84.32664361409999
-84.33770778579999
-84.3788223
-84.384963
-84.413184
-84.4477844238
-84.511688
-84.419754
-84.3887958
-84.33639509999999
-84.4245291
-84.3788054
-84.2851065
-84.3847999
-84.43647283029999
-84.37977990000002
-84.3792938
-84.360363
-84.3375505
-84.41245359999999
-84.235111
-84.36954754119999
-84.333804
-84.3801353
-84.3940410925
-84.4746889919
-84.3780419603
-84.3009196595
-84.3046567217
-84.24959659999999
-84.3936382
-84.26908459999999
-84.261051
-84.381893
-84.28420820000001
-84.331259
-84.3790517
-84.4656637
-84.3873599
-84.38744200000001
-84.34896949680001
-84.3756628
-84.33641850000001
-84.36020649999999
-84.3621446721
-84.3788223
-84.43609301
-84.3405724
-84.4563368582
-84.33953299999999
-84.310934
-84.3528175
-84.339229
-84.3924258
-84.3679322
-84.4363045857
-84.3807881405
-84.3886564
-84.3467675202
-84.40782800000001
-84.36845670000001
-84.3262244
-84.453562
-84.44
-84.38242199999999
-84.2512557
-84.364875
-84.36131
-84.5067339
-84.35183599999999
-84.460465
-84.330735
-84.44448609999999
-84.37527970000001
-84.469138
-84.3025219
-84.3927338
-84.4285395741
-84.2683600672
-84.32162199999999
-84.3224289
-84.3799055
-84.47577199999999
-84.3793958625
-84.3728072042
-84.414395707
-84.415526
-84.3495202
-84.3793137
-84.41439100000001
-84.4546044421
-84.35195983199999
-84.3797662126
-84.455414
-84.30364240000002
-84.3821369
-84.39380440000001
-84.3756628
-84.366904886
-84.40932600000001
-84.366862
-84.4146697
-84.365831
-84.35617890000002
-84.397086
-84.3788008
-84.3527060847
-84.352876
-84.2880328
-84.36274174350001
-84.4531806
-84.3494679
-84.3357354
-84.4047161905
-84.3091745675
-84.4080872018
-84.3505334
-84.3657877
-84.34894670000001
-84.457585
-84.36806
-84.3683395
-84.4754543
-84.28071059999999
-84.32893917
-84.2843342
-84.40029200000001
-84.3791338
-84.4098675
-84.30334479999999
-84.381781
-84.38557790000002
-84.39656140000001
-84.3658399105
-84.4124954
-84.46687800000001
-84.43696
-84.470922
-84.50596
-84.414021689
-84.3090844
-84.381776
-84.44448609999999
-84.3893662793
-84.3168124
-84.3838043213
-84.362511
-84.468754
-84.3712067
-84.3812254
-84.4464442
-84.4497973
-84.38034509999999
-84.3916993
-84.394655
-84.353337
-84.3654404056
-84.2815649869
-84.26283620000001
-84.5087414
-84.4384289
-84.3849715127
-84.3484332
-84.3551588
-84.3900186
-84.2622427
-84.3902392
-84.47630490000002
-84.3801398
-84.4326879554
-84.3698579
-84.3888341558
-84.33239308899999
-84.3684186
-84.411294
-84.3925704
-84.3624199
-84.328026
-84.4370928
-84.3119582536
-84.3467681625
-84.2824787
-84.3669146985
-84.2640668526
-84.33618944140001
-84.429692
-84.391403
-84.37899329999999
-84.3843493889
-84.25153459999999
-84.3851046343
-84.476391608
-84.360228
-84.413051
-84.42795500000001
-84.36848470000001
-84.35057330000001
-84.2559599218
-84.3591124
-84.3940114975
-84.45541472880001
-84.3826499
-84.3381106
-84.3927338
-84.3648842
-84.37996690000001
-84.4292882
-84.3318177
-84.3805140012
-84.379947
-84.380558
-84.2442199
-84.395317
-84.4015965
-84.3941098823
-84.38381
-84.356792
-84.2561250349
-84.383018
-84.3636018
-84.3118797
-84.35181949999999
-84.388248
-84.3355122325
-84.3662548668
-84.35271
-84.35834
-84.34688670000001
-84.41591240000001
-84.34193708
-84.411755
-84.3979114294
-84.3794786
-84.40081840239999
-84.37247509999999
-84.38225279999999
-84.4236633182
-84.5080654
-84.3622556
-84.2583752
-84.469597
-84.432497
-84.286792
-84.3561679436
-84.31506540000001
-84.38999629999999
-84.378169
-84.3521325
-84.379134
-84.3900318207
-84.31151
-84.45473100000001
-84.3290047
-84.3831072
-84.379914
-84.3607381134
-84.3897569
-84.2809699
-84.365978
-84.46692
-84.377607
-84.3375103
-84.385642
-84.3046033
-84.3806329742
-84.363963427
-84.25470200000001
-84.35291099999999
-84.4158086873
-84.3771847319
-84.3289573
-84.38764259999999
-84.3845638108
-84.4024515
-84.3636308
-84.351681669
-84.3088835
-84.368522644
-84.3798845
-84.2805557251
-84.27631140000001
-84.3657655592
-84.3796455
-84.3709311749
-84.3589641
-84.380926254
-84.37927020000001
-84.3492035
-84.3509632
-84.2655821
-84.4134093
-84.47658501640001
-84.3654357516
-84.38616400000001
-84.309956
-84.34226240000001
-84.4257929921
-84.4441178307
-84.368353
-84.42920620000001
-84.39504000000001
-84.2813771
-84.3103913493
-84.36356500000001
-84.3527672
-84.38088470000001
-84.3712848858
-84.362278
-84.3316388
-84.3974467
-84.4746839628
-84.352227
-84.3638115619
-84.4040697813
-84.368796289
-84.4423325937
-84.39087590000001
-84.4717606439
-84.3819613
-84.4224999
-84.32746929999999
-84.380839
-84.352733
-84.3124202082
-84.2880266905
-84.2834562
-84.3580028
-84.3666786
-84.4379277
-84.3655673
-84.3793739165
-84.388941
-84.335726
-84.39809840000001
-84.3530958
-84.3974018
-84.39923509999998
-84.449425589
-84.3547114
-84.3734631
-84.489036
-84.50364090000001
-84.3690321
-84.336042
-84.3527877
-84.331377
-84.3897449
-84.3839473022
-84.35114
-84.2858273164
-84.379982
-84.41322818399999
-84.4259651
-84.38283
-84.413967
-84.43709140000001
-84.3793186
-84.3506190342
-84.36253231090001
-84.387493
-84.38282099999999
-84.2864435
-84.36525999999999
-84.267036
-84.4496948
-84.471816
-84.4126012305
-84.3636018
-84.332432
-84.3821928
-84.38110470000001
-84.36831579999999
-84.39140959999999
-84.313734
-84.3818805974
-84.3531522317
-84.3733851
-84.3788379058
-84.34939859999999
-84.3730059
-84.2655821
-84.332824
-84.4379864
-84.337744
-84.343942
-84.2894046754
-84.370319
-84.379498
-84.25631800000001
-84.4488566761
-84.2549356073
-84.3902902792
-84.30184870000001
-84.36960520000001
-84.3658606226
-84.3912221
-84.3795247179
-84.471262
-84.297953
-84.2699768
-84.349469
-84.37890279999999
-84.3780108
-84.38225279999999
-84.39192800000001
-84.3040072
-84.44877199999999
-84.41423
-84.3816219
-84.3526435259
-84.3819805331
-84.3415619
-84.38912309999999
-84.3527672
-84.452627
-84.3372333
-84.3641964368
-84.37079399999999
-84.39228670000001
-84.3812297
-84.26570664340001
-84.386604
-84.387367
-84.2651238404
-84.2560060288
-84.3340118
-84.438346
-84.3274838
-84.3509672
-84.4261581478
-84.3496381833
-84.377166995
-84.3814332
-84.385685
-84.46164608
-84.287684
-84.280918
-84.3875497998
-84.2646979239
-84.38257209999999
-84.26503690000001
-84.3609824
-84.300299
-84.419247
-84.5096432
-84.38474659999999
-84.3684964
-84.3634682391
-84.388661
-84.33752309999998
-84.46752956270001
-84.366527
-84.356809
-84.4578587
-84.3872099
-84.3769365
-84.3273796814
-84.467836
-84.3160105
-84.3655379
-84.3766188
-84.4111933
-84.3685755
-84.3699948
-84.28892090000001
-84.385386
-84.37384200000001
-84.3815874
-84.2773397
-84.382203
-84.444805
-84.38110470000001
-84.286654
-84.38088470000001
-84.38523029999999
-84.3812549114
-84.4070716
-84.394086
-84.414497
-84.38620999999999
-84.381977
-84.361261
-84.3126116
-84.3525657
-84.36794379999999
-84.4292396708
-84.400864
-84.2856559
-84.34630340000001
-84.439086
-84.336113
-84.383237
-84.26643890000001
-84.37239999810001
-84.45743990000001
-84.3262244
-84.41318009999999
-84.3800372
-84.3129041791
-84.37266650000001
-84.40861120000001
-84.3863
-84.36806700000001
-84.39064300000001
-84.3793882005
-84.34539140000001
-84.4079716
-84.348919
-84.380824
-84.4690715
-84.413746
-84.3807528
-84.3623233665
-84.407593
-84.3936071
-84.34952309999998
-84.37526070000001
-84.4358714169
-84.38088470000001
-84.325981
-84.38354413489999
-84.37291215340001
-84.33253
-84.358896
-84.3977659434
-84.34243149999999
-84.42524313930001
-84.3653192371
-84.3405724
-84.267516
-84.3651421
-84.3080155
-84.326684
-84.258349
-84.4491775
-84.3642437003
-84.3255568
-84.35565890000001
-84.3581965754
-84.3662036955
-84.4312415645
-84.32284770000001
-84.406846
-84.310491
-84.3901072564
-84.468739
-84.3787824
-84.38772900000001
-84.38756590000001
-84.466522
-84.341165
-84.2662448063
-84.287352
-84.38954
-84.3619148284
-84.32763349999999
-84.3375505
-84.273895
-84.3937991
-84.3846418
-84.469193
-84.2851664498
-84.31014009340001
-84.378512
-84.291625
-84.311986
-84.418071
-84.3638192292
-84.50386300310001
-84.3615505
-84.38197480000001
-84.381781
-84.260864
-84.4578149
-84.37959000000001
-84.41131247
-84.4068632228
-84.2880328
-84.3880082
-84.41270540000001
-84.342074
-84.3802014
-84.407901
-84.4082280193
-84.4097455
-84.3780125
-84.3355759796
-84.4424295166
-84.41270540000001
-84.370665
-84.2686912
-84.4088854
-84.2893969
-84.44462970000001
-84.472216
-84.487641
-84.46524720000001
-84.35205970000001
-84.3880061
-84.2819256
-84.3710424221
-84.35092399999999
-84.32259715939999
-84.3696071
-84.4035313278
-84.3845845
-84.3543011137
-84.380943
-84.3662308131
-84.2359494392
-84.3752055
-84.3796686003
-84.2813252
-84.38070811109999
-84.38110379999999
-84.4117883
-84.40875140000001
-84.38764259999999
-84.4896799325
-84.3897025979
-84.343461
-84.47456
-84.35595579999999
-84.3126864
-84.3460751
-84.4359953
-84.338665
-84.39291999999999
-84.28335279999999
-84.3788451262
-84.38379870000001
-84.3876771335
-84.31418599999999
-84.3806893579
-84.3932972
-84.31396620439999
-84.3810562
-84.42502759999999
-84.4245291
-84.47049748
-84.436369
-84.3839941
-84.3831371
-84.32242020000001
-84.3900186
-84.3801674
-84.4548137
-84.4159945
-84.38708170000001
-84.26525629999999
-84.383319
-84.4325794344
-84.3528175
-84.41712290000001
-84.38701529999999
-84.37190679999999
-84.31304300000001
-84.4057349
-84.3816795
-84.3785366445
-84.36357779999999
-84.36815240000001
-84.4032031
-84.3636018
-84.5136635303
-84.3075555554
-84.387819
-84.3756489
-84.4297874577
-84.4262529982
-84.24760323619999
-84.4105317521
-84.31232011649999
-84.3746786
-84.4840721357
-84.36634959999999
-84.38967059999999
-84.40665190000001
-84.3717537
-84.4045881182
-84.37763199999999
-84.43833620000001
-84.5301237
-84.3990858
-84.38391109999999
-84.3654022
-84.4137877
-84.37738399999999
-84.2655288
-84.3628564
-84.4371467
-84.4358673
-84.40665190000001
-84.38371629999999
-84.304647
-84.4584242471
-84.34668719999999
-84.318901062
-84.38110379999999
-84.32233409999999
-84.2829784
-84.47161109999999
-84.38938279999999
-84.3405051907
-84.3710444
-84.3772939067
-84.309958
-84.27238320000001
-84.471115
-84.3684964
-84.372489
-84.3780715309
-84.3628013134
-84.4443792
-84.34220400000001
-84.3823775
-84.4256880775
-84.3588645011
-84.3870169
-84.4277001
-84.3687652
-84.437427
-84.3870849
-84.388079
-84.4131969
-84.36885670000001
-84.3898618
-84.36918100000001
-84.4886219
-84.3816219
-84.2343583
-84.40875140000001
-84.4376576
-84.3788928911
-84.3983162
-84.374065
-84.2827242
-84.35723459999998
-84.4737259
-84.37907299999999
-84.3259796
-84.2545178533
-84.28766
-84.3893051
-84.3793137
-84.3712960295
-84.444649
-84.427262
-84.3895141
-84.363958332
-84.351768
-84.3368406
-84.38748559999999
-84.4156106
-84.2886576802
-84.3684366
-84.3831553
-84.3724385
-84.41065979
-84.3669171
-84.3890332
-84.4354622
-84.39279909999999
-84.394644
-84.393459
-84.3610376082
-84.367709867
-84.3957199
-84.3662805
-84.38837170000001
-84.37897480000001
-84.3786001
-84.499668
-84.3228149414
-84.3993291
-84.3446241914
-84.3755409
-84.44600200000001
-84.2844175936
-84.5058739955
-84.38226479999999
-84.3495255743
-84.3344022
-84.3344225
-84.3979815
-84.47264313699999
-84.4304381637
-84.387139635
-84.41138609999999
-84.35564980000001
-84.38455079999999
-84.4055401
-84.2476
-84.3848
-84.38756590000001
-84.362511
-84.41420169999999
-84.366585
-84.36085200000001
-84.3990858
-84.40097390000001
-84.3107338307
-84.34394470000001
-84.3571599
-84.3578566733
-84.377095
-84.359775
-84.2479237
-84.3758037
-84.371161
-84.390079
-84.383055
-84.3025919131
-84.44259843
-84.38922600000001
-84.3894834695
-84.285358
-84.3719889
-84.383196
-84.376879
-84.3097577
-84.3525872551
-84.3605306
-84.287768
-84.394938
-84.3150252222
-84.37849609999999
-84.46142748
-84.3152915
-84.4689258
-84.40008177119999
-84.3799864
-84.3803896
-84.385196
-84.3588423729
-84.3741835
-84.25631800000001
-84.3498505
-84.38979309999999
-84.470173
-84.4134847458
-84.309303
-84.31351640000001
-84.3090844
-84.3829507
-84.37230500000001
-84.413282
-84.3619708344
-84.3454428
-84.38428
-84.335605
-84.34893290000001
-84.382810008
-84.37911609999999
-84.380839
-84.38389670000001
-84.29342559999999
-84.4001919504
-84.370098
-84.4061019484
-84.4257146873
-84.3748223
-84.4133867
-84.301374
-84.31142750000001
-84.3100194
-84.4367971832
-84.4712122
-84.3782817
-84.3791651
-84.3513845
-84.3803003
-84.37411800000001
-84.372063
-84.4131988
-84.43973199999999
-84.418626
-84.3786431
-84.3896734
-84.381694
-84.3849684
-84.3347309
-84.38110470000001
-84.38310200000001
-84.425032
-84.339883
-84.39138299999999
-84.3685469632
-84.3578402
-84.373652
-84.36952640000001
-84.4270113
-84.4195797
-84.3680605503
-84.38082440000001
-84.3929036
-84.367137
-84.30189
-84.3953804
-84.38251600000001
-84.2561915
-84.3962167
-84.25856230000001
-84.43621999999999
-84.4009946
-84.3785259826
-84.3105028558
-84.30156090000001
-84.3342562
-84.38764259999999
-84.3770827
-84.5093607779
-84.3465438601
-84.396811
-84.4497145
-84.3934504833
-84.2875710502
-84.39643819999999
-84.4426293975
-84.3609237671
-84.469677
-84.4500434
-84.3711265
-84.36794379999999
-84.3475019932
-84.33878179999999
-84.362255
-84.348888
-84.3761774
-84.3365439
-84.432496
-84.39522579999999
-84.38709899999999
-84.3937085
-84.28318262100001
-84.5119838
-84.41251009999999
-84.409031289
-84.4620993
-84.3792248
-84.378134
-84.348724
-84.3880546
-84.4659329
-84.40384984020001
-84.3788537099
-84.3502178312
-84.4345764013
-84.4410386
-84.4009361
-84.4436401
-84.3685382383
-84.367238
-84.3785405
-84.45049449999999
-84.466356
-84.4136238098
-84.235474
-84.351173
-84.3789191
-84.2854831
-84.4127762738
-84.35812290000001
-84.5309223
-84.40372099999999
-84.4766979
-84.4384772
-84.3687241
-84.35966390000002
-84.4560060712
-84.3889054
-84.365526
-84.3871875
-84.3707402
-84.3488235
-84.40097390000001
-84.363569
-84.3882691
-84.34943055789999
-84.5108307526
-84.4570148
-84.443269
-84.26186899999999
-84.354239
-84.4279
-84.3605804443
-84.3823775
-84.42546445159999
-84.3283387
-84.24883244109999
-84.3280016468
-84.4497145
-84.35664109999999
-84.274833
-84.46752
-84.442373
-84.34055
-84.33318990000001
-84.29741390000001
-84.3655717
-84.4076228
-84.39030809999998
-84.3848783
-84.3265532
-84.5071152029
-84.37813220000001
-84.382076
-84.3845455414
-84.3787824
-84.4676675
-84.4934528
-84.49147020000001
-84.38712120000001
-84.41956440000001
-84.3670392
-84.4226525672
-84.471070368
-84.368452
-84.382587
-84.3325262
-84.4252005
-84.4254228473
-84.3489673
-84.3790625999
-84.2880328
-84.2803
-84.3892505571
-84.4620993
-84.3775767
-84.3832478068
-84.4627075
-84.246732071
-84.3788127951
-84.3658198
-84.348844
-84.3580997363
-84.3738577
-84.3937381083
-84.4348059
-84.4171147
-84.383282
-84.25421949999999
-84.43051820000001
-84.3809936
-84.4181835
-84.3510008
-84.3090844
-84.435975
-84.4666737
-84.379848762
-84.4663584
-84.2979567183
-84.3343049
-84.425163
-84.36476540000001
-84.2437878
-84.393375
-84.3811798096
-84.36981109999999
-84.3799604
-84.379968
-84.370311
-84.36464659999999
-84.3467078
-84.29974025029999
-84.31625749999999
-84.3809505714
-84.369874
-84.33774
-84.3444449
-84.4121659283
-84.36769740000001
-84.472999
-84.393865
-84.3538873
-84.382475
-84.35092399999999
-84.336166
-84.2457015
-84.455375
-84.433137
-84.4281043857
-84.39251259999999
-84.382706
-84.384416
-84.490829
-84.220996
-84.3319431406
-84.381698
-84.2696653
-84.34159140000001
-84.3971072955
-84.3292675
-84.39014499999999
-84.3855789201
-84.33752
-84.331259
-84.416138
-84.349367
-84.4610823
-84.3445056
-84.3750842
-84.38110019999999
-84.35764499999999
-84.3824954
-84.285854
-84.38480770000001
-84.417743
-84.5094789
-84.2569033192
-84.4172255
-84.425163
-84.3310246297
-84.3827319
-84.4129313399
-84.33504350000001
-84.379671
-84.2856111429
-84.35736779999999
-84.3957755662
-84.37190679999999
-84.449871
-84.389151
-84.358874772
-84.34414
-84.46341140000001
-84.381622
-84.260984
-84.304295
-84.3719154
-84.43447900000001
-84.3034366
-84.38914399999999
-84.386150033
-84.4391829078
-84.4074722503
-84.3840608
-84.30902900000001
-84.36542299999999
-84.3481363863
-84.353103
-84.3776508104
-84.425025
-84.4688141806
-84.3080155
-84.3414078
-84.3521167
-84.3785553
-84.3000811
-84.3807977
-84.38020300000001
-84.39855240000001
-84.366112
-84.35704059999999
-84.41244520000001
-84.4717382
-84.3403536
-84.44448609999999
-84.3018072
-84.37167790000001
-84.36958
-84.376727
-84.355451
-84.3844341
-84.369054
-84.3913775
-84.39183990000001
-84.3853533268
-84.3437239877
-84.41423
-84.338447
-84.27986920000001
-84.38075699999999
-84.352746
-84.3389426
-84.2811899999
-84.4665715223
-84.3923377991
-84.3270052
-84.38314233
-84.4614475966
-84.4297805
-84.376743
-84.459836
-84.4768583
-84.39366740000001
-84.3678467
-84.4133867
-84.2482993
-84.3548211
-84.3094559
-84.38214
-84.468602
-84.35702109999998
-84.38196500000001
-84.41853859999999
-84.2630655
-84.3754111
-84.40372099999999
-84.386122
-84.5115605
-84.4424790717
-84.4708527
-84.3778176417
-84.278467
-84.3782073
-84.3825418
-84.457768
-84.3652165
-84.4253637
-84.4347033
-84.3934342
-84.41958000000001
-84.329408
-84.386689
-84.5433488
-84.310917
-84.25182509999999
-84.40527850000001
-84.38917
-84.378929
-84.261869662
-84.3865554648
-84.36821544770001
-84.307792
-84.34919980000001
-84.3489705026
-84.3809305
-84.4674792233
-84.334374
-84.3658506393
-84.3838405609
-84.468073
-84.32540240000002
-84.2880328
-84.4022258
-84.47310999999999
-84.33303599999999
-84.3447222
-84.4491775
-84.38681159999999
-84.388479
-84.34361093
-84.3810997825
-84.3258938
-84.3667604
-84.37991414220001
-84.3873931434
-84.509568
-84.396431395
-84.256578
-84.38441209999999
-84.3457132906
-84.38281500000001
-84.3836943413
-84.3023463339
-84.26467
-84.35449100000001
-84.3489262
-84.27892320000001
-84.3655935097
-84.36772420000001
-84.455573
-84.38047370000001
-84.3590283087
-84.3674012
-84.38171700000001
-84.47041528220001
-84.3690116
-84.3795309497
-84.44836190000001
-84.3270052
-84.3505127185
-84.3485381
-84.36237879999999
-84.43272539739999
-84.3595448
-84.380382
-84.3848
-84.3898872
-84.33557724890001
-84.3878383143
-84.36127389949999
-84.34937010189999
-84.41765452930001
-84.34640999999999
-84.4670399
-84.38315759999999
-84.37683854699999
-84.3870684
-84.36525379999999
-84.444327
-84.3809571
-84.3780125
-84.432082928
-84.3794843
-84.417801
-84.3489061296
-84.380543411
-84.2681667
-84.3927338
-84.3972797
-84.358631
-84.3370290385
-84.3578311
-84.2632542
-84.376597
-84.4699881521
-84.3465608
-84.33608690000001
-84.523617
-84.44975500000001
-84.37853879999999
-84.5129129
-84.37993900000001
-84.3838942
-84.3648842
-84.37790109999999
-84.3839788
-84.39215209999999
-84.4076639
-84.384036
-84.371563
-84.4245536
-84.43881800000001
-84.4530781
-84.35286798279999
-84.3270052
-84.361203
-84.2847052
-84.395227
-84.3665289
-84.4213855
-84.3791861
-84.3862697397
-84.36357779999999
-84.3381208
-84.364207
-84.4040053
-84.48102
-84.32651070000001
-84.33507
-84.334545323
-84.3784652
-84.4293048
-84.2522228636
-84.388216
-84.3791338
-84.3545348905
-84.3590680653
-84.3663719
-84.38205190000001
-84.309945
-84.412621
-84.311304
-84.4055895632
-84.389424573
-84.453562
-84.38047370000001
-84.33429670000001
-84.337499
-84.383746
-84.3643886
-84.4733
-84.37164399999999
-84.3110194
-84.388248
-84.4565379
-84.23517059999999
-84.4032809
-84.3456396
-84.3000811
-84.29827979999999
-84.34999599999999
-84.3518391252
-84.343154
-84.36501700000001
-84.3912323937
-84.35772370000001
-84.4176564
-84.364049
-84.3864421
-84.3283767881
-84.38925872770001
-84.357776
-84.382094
-84.3119825
-84.4305324554
-84.3892017016
-84.352948
-84.3369395
-84.4111933
-84.36962488340001
-84.3944474
-84.4614019429
-84.3375505
-84.3097577
-84.3892338
-84.3994622
-84.38261999999999
-84.35946259999999
-84.3711725
-84.3545952
-84.4568283875
-84.46539990000001
-84.4130693
-84.337109
-84.28412348020001
-84.356599
-84.3497819
-84.4163521
-84.379216
-84.2673646
-84.40808930729999
-84.3778026
-84.3822513
-84.473288
-84.4347033
-84.3727080832
-84.34998859999999
-84.3510021236
-84.387914667
-84.3807433522
-84.414233
-84.3710145
-84.4020289
-84.3732261
-84.3769646607
-84.40788959999999
-84.4066500664
-84.4114509
-84.3134007
-84.3622013
-84.3882075
-84.3635675684
-84.3821928
-84.365463
-84.4014135933
-84.47782159999998
-84.3400914686
-84.388109
-84.27816
-84.2847600952
-84.3878652
-84.407996
-84.3895173
-84.37866
-84.428706
-84.38727378850001
-84.4094312154
-84.2999997
-84.38335500000001
-84.36796590000002
-84.4634485245
-84.381695
-84.3796677
-84.38359140000001
-84.36402700000001
-84.36670409999999
-84.3590162
-84.267601
-84.470202
-84.3338012695
-84.3882551
-84.3807741438
-84.46019270000001
-84.4078607024
-84.3565667
-84.3640238565
-84.37346550689999
-84.381738
-84.3646589683
-84.4702917763
-84.4424172731
-84.234668
-84.3146
-84.3679024
-84.3378807
-84.40782800000001
-84.3539821
-84.3794555664
-84.407798
-84.3595859
-84.3274858
-84.3901833386
-84.273663
-84.3810456
-84.3517706
-84.385067
-84.3100186422
-84.44975500000001
-84.34956509999999
-84.352643
-84.3467574574
-84.36988000000001
-84.397814
-84.391279
-84.2536393086
-84.461962
-84.370077
-84.406936
-84.3680875
-84.3910812
-84.3797908
-84.4603118896
-84.4124725604
-84.47343599999999
-84.48856040000001
-84.384597
-84.274110049
-84.3485998286
-84.3748223
-84.2671426
-84.3927538
-84.3239098
-84.312209
-84.39643819999999
-84.42902159999998
-84.3814412458
-84.3523392
-84.38284399999999
-84.381674
-84.2438084
-84.391289
-84.3219564356
-84.38409940000001
-84.3818256
-84.407431
-84.40628670000001
-84.2880354845
-84.3810317949
-84.41739528689999
-84.3611591681
-84.3640530968
-84.462092
-84.4361319073
-84.37058950000001
-84.5076191425
-84.485548
-84.435321
-84.274861
-84.383602
-84.3817822
-84.3733851
-84.4351135
-84.38149090000002
-84.3588848
-84.427223
-84.36514179999999
-84.35457459999999
-84.25706679999999
-84.361886
-84.4461888447
-84.3663150072
-84.3741145
-84.3721
-84.3256828986
-84.38556109999999
-84.4055198506
-84.387052
-84.470385
-84.38082299999999
-84.3767728
-84.34840390000001
-84.378838
-84.2986438
-84.34800190000001
-84.387734
-84.4577053055
-84.3689041
-84.3659676
-84.36464659999999
-84.36740999999999
-84.38913790000001
-84.4738223528
-84.4470608979
-84.383196
-84.4263152
-84.3580284818
-84.38825290000001
-84.3803020567
-84.43605699999999
-84.4037854
-84.467116
-84.4461267
-84.385838
-84.418582
-84.3944906
-84.3107038
-84.35010279999999
-84.33752309999998
-84.34346500000001
-84.2791905
-84.31101650000001
-84.4423120275
-84.3854157
-84.325763
-84.411428
-84.3966293335
-84.36540459999999
-84.4604592
-84.346463
-84.3538212
-84.428249
-84.4552925
-84.4443792
-84.3784563
-84.34420990000001
-84.3590114
-84.40447370000001
-84.3847483955
-84.316512
-84.439171
-84.2884488
-84.3487003
-84.41600749999999
-84.39509699999999
-84.46255241729999
-84.3627295
-84.3498505
-84.37294006350001
-84.38999629999999
-84.3268703241
-84.377321
-84.3900934
-84.387813833
-84.3107283
-84.381559335
-84.3844744
-84.35119590000001
-84.413081
-84.36769740000001
-84.3760132
-84.2880117953
-84.340862
-84.4109287
-84.3586822
-84.411322
-84.278289
-84.4119105
-84.285783
-84.3498105
-84.3838573247
-84.415657
-84.4965116907
-84.4151980369
-84.4037929
-84.39138
-84.37582244
-84.31405840000001
-84.4252272
-84.366117
-84.3793352948
-84.3358484
-84.3917327
-84.3960438826
-84.38999629999999
-84.3667602539
-84.46780832489999
-84.3587589
-84.4393887354
-84.38748559999999
-84.3848782285
-84.3113338
-84.4436401
-84.30946
-84.34351540000002
-84.40861120000001
-84.4361144531
-84.38013421710001
-84.3770948454
-84.31475470000001
-84.3094777
-84.3784358
-84.3210675
-84.2783679
-84.2572527
-84.3800708
-84.328127
-84.4139017
-84.38315899999999
-84.3943347604
-84.2890834808
-84.3373178026
-84.39146099999999
-84.3838556
-84.379998
-84.3272205187
-84.47755500000001
-84.4290523
-84.3840637207
-84.4134093
-84.41210699999999
-84.375238
-84.3472000569
-84.3463699
-84.3642681
-84.42583570149999
-84.33653890000001
-84.2880328
-84.3789066
-84.3805988
-84.38058000000001
-84.380961
-84.38776920000001
-84.3688884
-84.383258
-84.3953906
-84.4245291
-84.46046700000001
-84.38999629999999
-84.3880535
-84.3927338
-84.26944499999999
-84.38999629999999
-84.3993061
-84.3817458
-84.3841835762
-84.244253
-84.3491522
-84.2835715
-84.352705
-84.2572868
-84.28770829999999
-84.3879824
-84.5106765
-84.3802167
-84.3894596
-84.4389071052
-84.3488692492
-84.3223517866
-84.387187
-84.389699
-84.269155
-84.3811256125
-84.3096360915
-84.3148599
-84.3847755897
-84.444172
-84.3904541454
-84.41702585670001
-84.3824954
-84.3891766337
-84.25704300000001
-84.3800372
-84.3807762
-84.3845857
-84.370798
-84.256173
-84.38430229999999
-84.276426
-84.3348747
-84.39933
-84.40710500979999
-84.38305890000001
-84.3265743353
-84.5313114
-84.4468123834
-84.4718046167
-84.32969399999999
-84.3892316
-84.394807
-84.37763199999999
-84.3791658
-84.37400500000001
-84.3462919816
-84.468282424
-84.3661474571
-84.4257433712
-84.3331824135
-84.366585
-84.4108253
-84.34660179999999
-84.468738
-84.3671734655
-84.4693563
-84.4160492
-84.2351687
-84.3424842507
-84.3441426334
-84.3413393611
-84.3100093
-84.3849848583
-84.4158232212
-84.41533740000001
-84.4085073
-84.3962860107
-84.3798
-84.30498100000001
-84.36402170000001
-84.2853364222
-84.332844
-84.387511
-84.407862
-84.3548827
-84.3398601954
-84.39936999999999
-84.335488
-84.4897284
-84.3274858
-84.44951
-84.25572199999999
-84.36733520000001
-84.427401
-84.3802040019
-84.4100363502
-84.432747101
-84.409511
-84.39787199999999
-84.3880873
-84.38081729999999
-84.4055503
-84.379439
-84.38407099999999
-84.286845848
-84.40776650000001
-84.379914
-84.32651070000001
-84.3875324
-84.3794683
-84.3956378
-84.245136
-84.469482
-84.2520542443
-84.2806631
-84.4166232
-84.3992599
-84.44869
-84.28573399999999
-84.387178
-84.347974
-84.42930600000001
-84.38837170000001
-84.3787760394
-84.35375400000001
-84.2884569685
-84.361502
-84.352571
-84.384062
-84.2685575
-84.39737
-84.32184740000001
-84.4156804
-84.472718
-84.3486430871
-84.390764
-84.349975
-84.3776556
-84.2808563
-84.3770988286
-84.3935135
-84.31594
-84.343974
-84.373628
-84.4163767
-84.35770730850001
-84.45746590000002
-84.370311
-84.39065090000001
-84.47012099999999
-84.3810458
-84.39243590000001
-84.386257
-84.31407890000001
-84.3282174376
-84.37763199999999
-84.45623570000001
-84.38311
-84.404832
-84.38454906449999
-84.38495209999999
-84.36746600000001
-84.3794623
-84.3877637288
-84.423723
-84.309958
-84.3364021
-84.47445520000001
-84.3274858
-84.3683304
-84.37825846850001
-84.3485795
-84.3797908
-84.3657056
-84.38257209999999
-84.25288409999999
-84.42440208010001
-84.2880328
-84.3876402
-84.35999659999999
-84.234617
-84.3526495613
-84.386614
-84.3849544544
-84.3924496601
-84.33636209999999
-84.45975859999999
-84.3815974
-84.36579300000001
-84.384443
-84.309882
-84.4693755
-84.3927338
-84.3091668
-84.3436881
-84.411958
-84.4322199
-84.3467078
-84.2858532
-84.3816075
-84.4805748387
-84.4086933
-84.38783199999999
-84.4088282
-84.437972
-84.2733087
-84.3856517
-84.28191863
-84.4677438492
-84.4554156
-84.4864044809
-84.4309
-84.2747604847
-84.387689
-84.3359432
-84.26503690000001
-84.5091437267
-84.46606
-84.380984
-84.3881314
-84.372834
-84.33524320000001
-84.38708170000001
-84.41615859999999
-84.429075
-84.3874957
-84.410353
-84.3856048
-84.3094562
-84.413967
-84.43960440000001
-84.41256800000001
-84.3817358
-84.4461267
-84.446815
-84.4199747
-84.3892048
-84.381928
-84.3822071
-84.3325482
-84.381578
-84.3615505
-84.4257189
-84.3940759762
-84.3474374733
-84.4498119387
-84.4991128
-84.3327432342
-84.3267792
-84.38644599999999
-84.445810318
-84.3610457397
-84.41612579999999
-84.4088335
-84.315664
-84.387351
-84.3370479457
-84.3788054
-84.378885
-84.36939699999999
-84.2815143
-84.3691964
-84.3917998446
-84.37993399999999
-84.4122927718
-84.2760003358
-84.3605306
-84.3622556
-84.335559
-84.4325
-84.382716598
-84.3432471791
-84.429575
-84.3787769369
-84.3849757
-84.3648443
-84.38444
-84.3488197
-84.3525237
-84.331869
-84.2721739886
-84.4090493774
-84.397095
-84.4022052
-84.2984113
-84.4735022
-84.363686
-84.3864579
-84.335266
-84.3273882
-84.44967390000001
-84.4228323
-84.4486963749
-84.381844
-84.37630949999999
-84.36283399999999
-84.38019859999999
-84.3010718
-84.3814332
-84.380613614
-84.3642681
-84.3807818766
-84.379592
-84.3777568
-84.367726
-84.3936071
-84.38745163600001
-84.3290196
-84.386516
-84.4085286185
-84.37215538470001
-84.377048
-84.3459398
-84.37527349999999
-84.365527
-84.378027909
-84.436278415
-84.3227781718
-84.352838
-84.37970870000001
-84.4128532724
-84.3591471122
-84.37811490000001
-84.42922800000001
-84.43659029999999
-84.4177384
-84.3652421
-84.3895335
-84.267338
-84.380764
-84.32334499999999
-84.4324870651
-84.3925036
-84.3319777
-84.314217
-84.3375505
-84.410752
-84.3898085
-84.37082609999999
-84.2858532
-84.3840052
-84.3325482
-84.38931090000001
-84.37767149999999
-84.2648476
-84.3898086
-84.3831407133
-84.3825594
-84.40754799999999
-84.411396
-84.25548590000001
-84.390953
-84.37441787430001
-84.381349
-84.40910500000001
-84.352688
-84.3912811
-84.3942047
-84.4083435
-84.3494679
-84.432878
-84.353848
-84.47341709999999
-84.3728718
-84.385938
-84.37398042529999
-84.267988
-84.35889399999999
-84.456613
-84.3462782
-84.3839283
-84.38693599999999
-84.400914
-84.33754559999998
-84.43514029999999
-84.4014234
-84.3309636471
-84.435914
-84.3898618
-84.44569609999999
-84.5114863
-84.43493000000001
-84.3106347582
-84.3684413731
-84.393065
-84.34659479999999
-84.38381
-84.488687
-84.3871398
-84.389514
-84.3815251571
-84.37857840689999
-84.37861740000001
-84.39277059999999
-84.3406025
-84.50796600000001
-84.3228196
-84.36601999999999
-84.3342378
-84.5091392863
-84.5337788
-84.38005090000001
-84.3733065
-84.37151327859999
-84.3796180346
-84.350602
-84.42810440000001
-84.3495835
-84.4698604
-84.41723
-84.383397
-84.3541
-84.24991700000001
-84.37927420000001
-84.3849066492
-84.2877572
-84.2873537913
-84.48124320000001
-84.38310200000001
-84.3000098
-84.3968439102
-84.37269309999999
-84.4917143136
-84.3815238
-84.3964970012
-84.380845204
-84.366008
-84.38910674270001
-84.3832733508
-84.4002954973
-84.4118228
-84.3438416029
-84.3528175
-84.3829621683
-84.24142140000001
-84.4085517
-84.31279
-84.357749
-84.3807352
-84.3819875
-84.2893899
-84.28892087189999
-84.32295
-84.47064028369999
-84.36531640000001
-84.4004814
-84.2553699906
-84.366884
-84.4750486616
-84.3115098
-84.35490899999999
-84.38874
-84.32337109999999
-84.23600920000001
-84.3494
-84.3439917956
-84.3935840603
-84.37878667
-84.377089
-84.40550920000001
-84.3638203
-84.3834526399
-84.38274200000001
-84.3613743782
-84.325866
-84.4143326
-84.3080155
-84.3695859611
-84.2911787
-84.489184
-84.38888490000001
-84.3990339339
-84.29055699999999
-84.38430229999999
-84.28818100000001
-84.380301
-84.36582800000001
-84.3944993243
-84.38431159999999
-84.4608791
-84.38493509999999
-84.3268966357
-84.4722875
-84.3929823
-84.3026423
-84.379975
-84.3897929
-84.405817
-84.3427018769
-84.3814399479
-84.2911787
-84.366016
-84.3522843719
-84.389234
-84.28554040000002
-84.3417175
-84.46436886010001
-84.24438459999999
-84.4195797
-84.5041143
-84.3885782
-84.36484507
-84.35227420000001
-84.36525300000001
-84.43258107060001
-84.28185069999999
-84.387512
-84.388648
-84.3502283
-84.3844541162
-84.38353599999999
-84.37011319999999
-84.387444443
-84.4496333
-84.34564
-84.3698813994
-84.46373630000001
-84.3527590472
-84.4199747
-84.3498639921
-84.3488821
-84.365808
-84.394777
-84.4083821
-84.356792
-84.43434079999999
-84.3784650788
-84.3870139589
-84.400864
-84.4119319
-84.4163843
-84.3357697
-84.3527056
-84.411586
-84.3688724
-84.47058620000001
-84.3794244649
-84.354513
-84.3844098
-84.368588
-84.382662
-84.37180699999999
-84.3525971
-84.42773787670001
-84.3678997
-84.429176
-84.45227310060001
-84.3351154
-84.36214190000001
-84.46766392720001
-84.36714649999999
-84.3578402
-84.26525629999999
-84.385839
-84.3860882521
-84.282274
-84.38832020000001
-84.3499738
-84.37912340000001
-84.4635957
-84.3255584
-84.38470550000001
-84.379914
-84.3287252
-84.3780108
-84.3357199651
-84.3395846107
-84.28766800000001
-84.38979309999999
-84.37603370000001
-84.359093
-84.38352555819999
-84.38338068510001
-84.425163
-84.3400198649
-84.345934
-84.3823358228
-84.2809134722
-84.39010400000001
-84.37951899999999
-84.3963151
-84.3932511177
-84.30251899999999
-84.470102
-84.4878492579
-84.38094050000001
-84.36784200000001
-84.3906296
-84.3810005043
-84.41642540000001
-84.3636018
-84.3510008
-84.3538954
-84.44109300000001
-84.3409798
-84.3614033824
-84.3322832
-84.3784777563
-84.4034981
-84.4326758757
-84.378895
-84.2998538911
-84.3521099
-84.4620788
-84.475763
-84.3655379
-84.335992
-84.4505379
-84.368088
-84.3788054
-84.3127224
-84.380455
-84.380839
-84.5284223
-84.3797908
-84.34999429999999
-84.3966648417
-84.3882896
-84.378687
-84.32651070000001
-84.37950366140001
-84.2566981432
-84.49255086810001
-84.37972629999999
-84.3814023826
-84.3658560037
-84.3399804
-84.344732099
-84.386319
-84.3590162
-84.27162220000001
-84.346463
-84.3878652
-84.3108190683
-84.48044820000001
-84.364226
-84.382706
-84.3080155
-84.354628
-84.3442729
-84.3847848
-84.426564
-84.3805288
-84.3944474
-84.28862190000001
-84.4416766
-84.3830714375
-84.3719444505
-84.461076
-84.3674715
-84.36440413310001
-84.3594795189
-84.32661479999999
-84.3982117
-84.5312704
-84.398266
-84.3669545
-84.285855
-84.3265157193
-84.4392619049
-84.378268
-84.41215799999999
-84.4997059554
-84.3284118
-84.3667671
-84.25421949999999
-84.402058
-84.4410386
-84.4230407104
-84.4733022937
-84.4678541
-84.38240340000002
-84.3519888651
-84.4097527
-84.41137409999999
-84.3970028
-84.2838792
-84.3256157
-84.374489
-84.36554100000001
-84.3808281
-84.38551899999999
-84.3582501858
-84.3596064
-84.3809502
-84.265582
-84.3447563
-84.2849552259
-84.38487243649999
-84.3882896
-84.3637853
-84.5490622
-84.31066
-84.36832890000001
-84.3792929484
-84.3438787
-84.344633
-84.38110379999999
-84.378782
-84.3787078
-84.37090500000001
-84.25642579999999
-84.2714165
-84.3708385457
-84.344077
-84.38985009999999
-84.2813750366
-84.368128
-84.474417
-84.3129626342
-84.38221329999999
-84.41319770000001
-84.4122807
-84.3828292
-84.3883979665
-84.309751
-84.4743865
-84.32575179999999
-84.2672617
-84.345901
-84.4198807329
-84.234939
-84.3097198
-84.371126
-84.3152575148
-84.3841707571
-84.360969
-84.39382295109999
-84.54472220000001
-84.4361463189
-84.3829507
-84.38987016680001
-84.368189
-84.317679
-84.2655288
-84.398576
-84.35416090000001
-84.3837324
-84.472448
-84.4712122
-84.472673
-84.2886085
-84.38036559999999
-84.3829312
-84.470586
-84.3938747
-84.328849
-84.3970334
-84.44
-84.3787824
-84.24944
-84.3498796259
-84.36020865270001
-84.3895717
-84.378703
-84.376896
-84.33496600000001
-84.2880328
-84.3123040811
-84.381596841
-84.2801263838
-84.3835566221
-84.4498383
-84.376198
-84.31212911
-84.2430676
-84.3359735
-84.3098686
-84.3783119
-84.436001807
-84.3882896
-84.4280931
-84.34953638489999
-84.3884047
-84.35475490000002
-84.3558686
-84.383981
-84.46808440000001
-84.4162537
-84.36837
-84.394134
-84.344142
-84.4701762013
-84.33779129999999
-84.25421949999999
-84.2783679
-84.4679054
-84.3830755
-84.444765
-84.4016255909
-84.365341
-84.33579202
-84.4604592
-84.3678979312
-84.335219
-84.469588
-84.3706968466
-84.3842661234
-84.4288173005
-84.3869074
-84.33653890000001
-84.3794829
-84.4131588
-84.2561678
-84.366138652
-84.2922072462
-84.2824787
-84.3596546
-84.388338
-84.390599
-84.2733087
-84.30824100000001
-84.47468990000002
-84.375263
-84.3305357153
-84.43249588970001
-84.481337
-84.3392469334
-84.357644
-84.4122025
-84.3780663
-84.3090844
-84.3732048841
-84.460491
-84.3805925
-84.30909150000001
-84.41212440000001
-84.3651992083
-84.4371002
-84.4390946157
-84.457243
-84.25421949999999
-84.43514029999999
-84.29960799999999
-84.5494671
-84.3910812
-84.3670392
-84.3868688
-84.413186
-84.3603018299
-84.309963
-84.3292107
-84.3464010046
-84.332291
-84.3540921807
-84.39412316010001
-84.3996604
-84.39734207720001
-84.36209129999999
-84.4085265276
-84.43599549999999
-84.449832961
-84.455216825
-84.413967
-84.3786701823
-84.455877
-84.27293879999999
-84.28792740000002
-84.362985
-84.3622556
-84.3318194
-84.3530753
-84.35092399999999
-84.379754886
-84.4127098
-84.3007483
-84.3987867
-84.3980686
-84.37976434229999
-84.39284659999998
-84.3098179623
-84.2843342
-84.35014059999999
-84.4390511513
-84.41759350000001
-84.3109806818
-84.3430949
-84.2881105
-84.2451408226
-84.311598
-84.3890735621
-84.38437409630001
-84.3522458079
-84.3961772
-84.387856
-84.4666737
-84.26798659999999
-84.3779526
-84.2619975284
-84.39386400000001
-84.3371577
-84.383515
-84.2561915
-84.3797908
-84.365323773
-84.48044820000001
-84.35225290000001
-84.413386
-84.390017
-84.364306
-84.38353190000001
-84.3929129703
-84.36595200000001
-84.3633882
-84.3845642
-84.29945359999999
-84.4127089
-84.38118659999999
-84.3329238357
-84.2531371549
-84.3497067
-84.43753472590001
-84.39227394439999
-84.368852
-84.3586822
-84.3873043
-84.38999629999999
-84.3929823
-84.3846384193
-84.3610382
-84.39215779999999
-84.3099281
-84.29850400000001
-84.353088
-84.30773459999999
-84.35832232
-84.383812
-84.454937
-84.4598911
-84.3832808
-84.3954165489
-84.2791905
-84.380612
-84.35420340000002
-84.45745409999999
-84.3900318207
-84.3583804
-84.24551600000001
-84.3655755
-84.4620575989
-84.37162109999998
-84.30797390000001
-84.4111522
-84.2999861632
-84.387465
-84.3810458
-84.4625093
-84.47427579999999
-84.39152299050001
-84.3488600933
-84.33994890000001
-84.384518
-84.45610429999999
-84.361427
-84.3844098
-84.30902270000001
-84.4449154239
-84.4076639
-84.3489396572
-84.38081729999999
-84.2855704576
-84.384438
-84.38794150000001
-84.5091
-84.3451001336
-84.3900358
-84.2834679
-84.36759350000001
-84.29719
-84.378505
-84.407865
-84.38418399999999
-84.36402922090001
-84.4170409
-84.4477262
-84.4839905
-84.35901080000001
-84.239924
-84.32188220319999
-84.376903
-84.3397818193
-84.3526525107
-84.36377
-84.4497907104
-84.351261
-84.365785
-84.4754004478
-84.47277054189999
-84.3874755
-84.3709042
-84.4333424047
-84.3627034808
-84.3810324
-84.4616098365
-84.3463809
-84.392797
-84.42239559999999
-84.3813200588
-84.390839
-84.4117609
-84.3622556
-84.3970324
-84.4725335
-84.39502209999999
-84.439225
-84.2849092656
-84.50409609999998
-84.2809312
-84.3802147
-84.30999699979999
-84.3814183245
-84.380267
-84.37190679999999
-84.31429
-84.4395983219
-84.3231659
-84.3952254
-84.4645184
-84.41125600000001
-84.28516980260001
-84.4738598
-84.289732
-84.3459
-84.2670149
-84.286698997
-84.30493299999999
-84.39215779999999
-84.3487413
-84.34999599999999
-84.3869348
-84.4359813631
-84.3510008
-84.3662805
-84.3582281677
-84.368401
-84.23761440000001
-84.34273509999998
-84.4309
-84.4673525542
-84.44609399999999
-84.3252507
-84.3148936458
-84.3662901
-84.3831371
-84.3534936
-84.3640063423
-84.4162202
-84.315877
-84.44
-84.3282174376
-84.3641794246
-84.3410680437
-84.395453
-84.4932507
-84.4113549197
-84.3892372748
-84.39738
-84.2379025
-84.3548827
-84.46523590000001
-84.3783607
-84.285
-84.3454584733
-84.444724
-84.31096640000001
-84.3799003959
-84.35227420000001
-84.3399804
-84.4101736
-84.372483
-84.374154
-84.4295199954
-84.409265
-84.3793709
-84.3870169
-84.38320999999999
-84.23467149999999
-84.40700749999999
-84.38460333329999
-84.396702
-84.38591865229999
-84.3245803
-84.28817459999999
-84.3751919
-84.3101005473
-84.3294938946
-84.34973070000001
-84.3263513701
-84.28724918510001
-84.4486285
-84.3728806
-84.28513819999999
-84.4133867
-84.390909
-84.3583947
-84.37763199999999
-84.349386
-84.3290319382
-84.41001
-84.3501512
-84.41776879999999
-84.3891560926
-84.406925
-84.46247609999999
-84.3504718778
-84.35273520000001
-84.4055453
-84.459458
-84.4621449668
-84.3792209
-84.3284150112
-84.4583042956
-84.389613
-84.40382240000001
-84.42637540000001
-84.36848470000001
-84.36706099999999
-84.411557
-84.37594990000001
-84.4156224
-84.4342521
-84.38309100000001
-84.3836642025
-84.261854
-84.3535209848
-84.4056523644
-84.37658917350001
-84.457260967
-84.3493306
-84.37876870000001
-84.3355535
-84.4159945
-84.4175538
-84.4122295844
-84.30917459999999
-84.305674
-84.38346130000001
-84.33713900000001
-84.43048852439999
-84.376894
-84.4330481
-84.39799029999999
-84.381896
-84.43922459999999
-84.361216
-84.4563173
-84.2671332881
-84.3115904957
-84.3142647608
-84.48044820000001
-84.394684
-84.248122
-84.468372
-84.3655673
-84.3515967636
-84.47341490000001
-84.3770507454
-84.50841199999999
-84.2867246367
-84.460099
-84.4016607831
-84.38123900000001
-84.25421949999999
-84.3805453
-84.4133867
-84.38710999999999
-84.38029300000001
-84.41458109999999
-84.4326412208
-84.252121
-84.3630165
-84.2881105
-84.395453
-84.37183
-84.36297440000001
-84.3355535
-84.254536
-84.4638688182
-84.42238950000001
-84.366653
-84.352722
-84.3374921302
-84.3703738
-84.333298
-84.429473
-84.35962690000001
-84.249939
-84.377622
-84.3275302908
-84.386679652
-84.3793699
-84.365651
-84.37881
-84.3113453
-84.3879928609
-84.377861
-84.4255219512
-84.36525379999999
-84.3659636638
-84.36269399999999
-84.35754250000001
-84.3688884
-84.38268833069999
-84.42725949999999
-84.3688884
-84.382535
-84.282444242
-84.37242075399999
-84.3450015
-84.370077
-84.3832808
-84.34350620000001
-84.3575657938
-84.34539140000001
-84.3498505
-84.38951999999999
-84.27672270000001
-84.38216451560001
-84.3851954
-84.2833251
-84.39353440000001
-84.2814016342
-84.3108878365
-84.363186907
-84.3638775963
-84.38494399999999
-84.54925337600001
-84.34306
-84.3115411
-84.3101523182
-84.3689065
-84.4102633
-84.42930600000001
-84.35812290000001
-84.38467
-84.2658712571
-84.3572322694
-84.3862326589
-84.392477
-84.38912640000001
-84.36775899999999
-84.3926170817
-84.37889087949999
-84.3802167
-84.3823775
-84.326967001
-84.4088854
-84.4934528
-84.3985725939
-84.38486999999999
-84.3139762
-84.299741
-84.3918427
-84.3368546104
-84.33767453649999
-84.2853449597
-84.358615
-84.3405724
-84.36706190000001
-84.38005078180001
-84.389916
-84.338453
-84.37591538619999
-84.429320097
-84.40480040000001
-84.46495
-84.3669068
-84.421796
-84.252404
-84.4014200941
-84.3804478
-84.5070007704
-84.3615361
-84.36818609999999
-84.3789898
-84.255072
-84.36461
-84.467822
-84.36028409999999
-84.3706625119
-84.5431867
-84.380185
-84.2827136148
-84.3000119
-84.23533
-84.4395374244
-84.412025
-84.4619350497
-84.3843487
-84.3504873
-84.4672664255
-84.2832564
-84.32575179999999
-84.4245637
-84.411987
-84.3091745675
-84.3579496
-84.265343
-84.3400292
-84.37767149999999
-84.366528
-84.4040167
-84.390585
-84.3788008
-84.35113879999999
-84.4612448
-84.39545030000001
-84.384399
-84.358313
-84.395108
-84.385
-84.355746
-84.3146
-84.3319777
-84.467929
-84.4644373
-84.3739040067
-84.3543679
-84.44235
-84.3532809
-84.42726800000001
-84.387156
-84.42050809999999
-84.377824
-84.3812689
-84.4471785276
-84.30155859359999
-84.476787
-84.3826206
-84.38315899999999
-84.3739493977
-84.3744528
-84.293591
-84.3910660552
-84.38263640000001
-84.2831209302
-84.37290300000001
-84.36800500000001
-84.282927
-84.4141479
-84.29975867270001
-84.4689296
-84.37829599999999
-84.3371577
-84.379164
-84.3098038
-84.2974082
-84.3922522
-84.28806
-84.388352
-84.511251
-84.33752954010001
-84.3253388847
-84.361019
-84.3720575063
-84.24933929999999
-84.37991099999999
-84.281322
-84.3999884629
-84.40785600000001
-84.3942260742
-84.3822513
-84.380059652
-84.30976700000001
-84.3641988024
-84.32287640000001
-84.37837859999999
-84.3664042
-84.36003769999999
-84.38318819999999
-84.3102792
-84.404607
-84.359655
-84.4070483
-84.44167790000002
-84.3851486872
-84.3949866172
-84.3705218
-84.387859248
-84.2886085
-84.380381452
-84.3671225
-84.283588
-84.3894733
-84.37036409999999
-84.368317
-84.37935970000001
-84.395682
-84.427699
-84.38644972819999
-84.3863643
-84.37597650000001
-84.4634433
-84.40493459999999
-84.3417941
-84.440003
-84.4616073
-84.38139609999999
-84.35860100000001
-84.3657819042
-84.3299711
-84.40093
-84.47252900000001
-84.3764044786
-84.4020212442
-84.3680047989
-84.4166511
-84.3259193
-84.3965409
-84.34962270000001
-84.3361180245
-84.2653807871
-84.3873850172
-84.376149
-84.3708859001
-84.4625182
-84.36509901229999
-84.335992
-84.38358769999999
-84.3756628
-84.3714348184
-84.380612
-84.3955993652
-84.4667702595
-84.31530430640001
-84.3791735172
-84.3362850682
-84.3371577
-84.5077786
-84.3480615617
-84.2891637
-84.287716
-84.3829675
-84.27927690000001
-84.33504350000001
-84.3880911
-84.4187027
-84.3498958
-84.3826719
-84.3687998
-84.4169571529
-84.3805925
-84.466126
-84.3886564
-84.33624449999999
-84.358271
-84.3818438
-84.395204
-84.38556949999999
-84.2619135
-84.379129
-84.3787376
-84.383562
-84.3528109656
-84.38756
-84.36900209999999
-84.39487120000001
-84.3776842706
-84.3013842
-84.36357779999999
-84.3861137
-84.4693808
-84.3080155
-84.3945295
-84.387744
-84.3800708
-84.349827
-84.3274858
-84.38300699999999
-84.3273887
-84.3275453
-84.30934340270001
-84.39271600000001
-84.4076897576
-84.2862031236
-84.38176159999999
-84.38176159999999
-84.4718137
-84.384652
-84.31574499999999
-84.31142750000001
-84.34008309999999
-84.387027
-84.26187
-84.3529831137
-84.353492
-84.44448609999999
-84.385962
-84.394051
-84.34008309999999
-84.413676
-84.38470550000001
-84.31537370000001
-84.42814766069999
-84.38765699999999
-84.30980274689999
-84.314178
-84.3765136
-84.37783759999999
-84.3684202
-84.3396365
-84.36939699999999
-84.41637159999999
-84.34053890000001
-84.392199
-84.44975500000001
-84.38088470000001
-84.3886909158
-84.383542
-84.3663719
-84.3821354821
-84.3319777
-84.446488
-84.3870849
-84.3464676772
-84.461007
-84.460063
-84.38954
-84.35867879999999
-84.354513
-84.3799874099
-84.3674012
-84.3819156
-84.3866474
-84.3825270458
-84.3800256068
-84.467663
-84.368078
-84.49352370000001
-84.3760132
-84.380776
-84.44080699999999
-84.341989
-84.3738585
-84.382437
-84.39167900000001
-84.4001838
-84.455904
-84.39172679999999
-84.3792776
-84.26451740000002
-84.391243
-84.449744
-84.3368777633
-84.442376
-84.46643158010001
-84.47588499999999
-84.3934767478
-84.3676491
-84.38985009999999
-84.3787632
-84.375024
-84.3653012263
-84.3437514054
-84.3895753
-84.34881899999999
-84.376903
-84.4133598
-84.4352622785
-84.385566
-84.5495910003
-84.344155
-84.4291982048
-84.436498
-84.4087048
-84.3555828
-84.383562
-84.3939958
-84.3708386
-84.3687036
-84.353088
-84.2841876
-84.39336999999999
-84.3050652177
-84.30760440000002
-84.38416099999999
-84.3709766865
-84.3801178
-84.40858730000001
-84.3757873
-84.3302711111
-84.3537736
-84.34801355270001
-84.39174
-84.378165
-84.372893
-84.3578986
-84.3710317275
-84.3655673
-84.38083329999999
-84.4118953
-84.34947820000001
-84.4498178638
-84.4646243
-84.4934672
-84.38954
-84.3336862398
-84.4179271
-84.36684190000001
-84.3402873
-84.35260809999998
-84.4355723262
-84.4017743
-84.29985409999999
-84.34919980000001
-84.3620194495
-84.375024
-84.315618
-84.335266
-84.300299
-84.4601652341
-84.379242
-84.3102995666
-84.3387152
-84.3500104
-84.3612581471
-84.337073
-84.4740637037
-84.378907
-84.3253399
-84.382961
-84.352644
-84.36122879999999
-84.4716395381
-84.34931329999999
-84.400953725
-84.311598
-84.353088
-84.386539
-84.288054
-84.4552925
-84.3868083319
-84.3521099
-84.38087890000001
-84.425813116
-84.4066225
-84.4187
-84.3850272
-84.4156076387
-84.3264484
-84.38527890000002
-84.3211761117
-84.375138
-84.41275300000001
-84.461347
-84.379565
-84.3519695
-84.32797540000001
-84.357113
-84.3898995
-84.29205300000001
-84.435865418
-84.4756841
-84.46749820000001
-84.4292545
-84.38600290000001
-84.2882258445
-84.3456372
-84.275497
-84.33662700000001
-84.3951671
-84.25853120000001
-84.36525999999999
-84.30784
-84.3622208
-84.27490237479999
-84.390137
-84.42881990000001
-84.290142
-84.40817690000002
-84.3792209
-84.381896
-84.41421899999999
-84.387856
-84.3829934
-84.3675537
-84.3528898
-84.3808686733
-84.30184870000001
-84.3767668297
-84.3802247049
-84.261161
-84.362245
-84.39130899999999
-84.3682579
-84.38110999999999
-84.379593
-84.44242134689999
-84.4130605
-84.2853619727
-84.3910792804
-84.401391
-84.38837170000001
-84.2714102
-84.3659676
-84.3923586
-84.432574
-84.29990500000001
-84.38614
-84.4169588
-84.3393535
-84.2865017889
-84.3935648
-84.4456958529
-84.370258525
-84.3566285
-84.467499
-84.3675947
-84.3879338
-84.2748101
-84.287052
-84.511663
-84.383186
-84.3971566
-84.40550920000001
-84.307395
-84.416263
-84.5077225
-84.3389739096
-84.389946
-84.4918595
-84.4934528
-84.3527650706
-84.332291
-84.379285
-84.439361
-84.3467078
-84.4228912
-84.2652038
-84.40957220000001
-84.3926638
-84.370077
-84.2518225685
-84.27423979999999
-84.4124989461
-84.4358437322
-84.3636018
-84.3355974
-84.3987701
-84.37972629999999
-84.38825899999999
-84.3000811
-84.38266899999999
-84.40762240000001
-84.3640184921
-84.3119947749
-84.384946
-84.39375600000001
-84.4084178937
-84.3918716383
-84.2354329303
-84.3613380156
-84.386643
-84.24438459999999
-84.39035809999999
-84.3548127
-84.3262052536
-84.4346213
-84.442347
-84.4157688
-84.41527640000001
-84.3317817202
-84.3517145
-84.37260490000001
-84.3845155
-84.36464659999999
-84.387119
-84.3539782
-84.3104
-84.3818250376
-84.489462
-84.3521225128
-84.3803332374
-84.3789696
-84.393731
-84.38794709999999
-84.3375505
-84.4017743
-84.309164
-84.3360458
-84.27113100000001
-84.41279109999999
-84.494893
-84.3825594
-84.3708542147
-84.5101958
-84.3640012
-84.33912
-84.346457255
-84.30889300369999
-84.3776528667
-84.4281103
-84.3674676
-84.391261898
-84.380218
-84.388573
-84.4324135662
-84.3679643246
-84.378648
-84.37345400000001
-84.39336512310001
-84.3966999311
-84.429265
-84.39578399999999
-84.3617050196
-84.38761650000001
-84.31401729999999
-84.3876306
-84.28834887560001
-84.3777603
-84.4165109
-84.403906
-84.38945
-84.48573
-84.413081
-84.507873481
-84.3890812621
-84.3882896
-84.4722875
-84.38898971260001
-84.367726
-84.4578587
-84.38122808930001
-84.36818609999999
-84.405613
-84.3611364
-84.37978299999999
-84.418859
-84.4291439
-84.252845
-84.331611
-84.321712
-84.468316
-84.3844417067
-84.287657
-84.4704042
-84.3791351318
-84.3545672847
-84.354176
-84.3844791
-84.3387117
-84.443269
-84.456032
-84.25731999999999
-84.293369
-84.3927643
-84.3459272
-84.28807094689999
-84.4102697074
-84.39074000000001
-84.46247609999999
-84.4685685
-84.33586700000001
-84.38106429999999
-84.2886509746
-84.3685962335
-84.304296
-84.3522938
-84.3155793
-84.3525207
-84.385888
-84.4160022
-84.3639687914
-84.3536731
-84.30965400000001
-84.33998100000001
-84.381745
-84.40199890000001
-84.4878022
-84.38834291270001
-84.400587
-84.4048069514
-84.3363332748
-84.2880408512
-84.4754645
-84.4121883772
-84.3091767
-84.38701529999999
-84.4391163176
-84.3863642365
-84.3971312729
-84.3792125
-84.349407
-84.4606124081
-84.3611944535
-84.3525657
-84.379221
-84.3333768377
-84.38453299999999
-84.3796266
-84.3090844
-84.4248983
-84.3927099
-84.44885409999999
-84.379008
-84.283546
-84.2653591805
-84.2819051
-84.4292877
-84.407315
-84.4257810508
-84.349188
-84.2729591
-84.39019300000001
-84.32378059999999
-84.287052
-84.389122
-84.38102580399999
-84.3799781799
-84.4666737
-84.4686149955
-84.43047790000001
-84.4553778
-84.4436401
-84.3123
-84.3624199
-84.423023
-84.425025
-84.3909305106
-84.38948470000001
-84.401696
-84.45973237439999
-84.3151501
-84.37688399999999
-84.4220673
-84.24329399999999
-84.3908778
-84.379914
-84.269671
-84.326697
-84.28092099999999
-84.3480838479
-84.32651700000001
-84.2391166
-84.47666
-84.380391
-84.425924
-84.38389670000001
-84.3459398
-84.4327137282
-84.3894195557
-84.46936099999999
-84.44266800000001
-84.37898539369999
-84.312404
-84.395216
-84.4193691015
-84.3489823022
-84.2484187
-84.47280071680001
-84.393459
-84.4073971
-84.3657741
-84.3367387864
-84.328521
-84.3915327
-84.38466
-84.3955146
-84.489042
-84.472801
-84.4277001
-84.41084529999999
-84.3843135
-84.310541153
-84.3784135028
-84.24765620000001
-84.30917459999999
-84.27579399999999
-84.37858670000001
-84.3090844
-84.2833734
-84.38912309999999
-84.41390200000001
-84.327730877
-84.38451027069999
-84.384147852
-84.4124207265
-84.4861628
-84.419776
-84.3302128
-84.35860699999999
-84.427707
-84.3599595
-84.4589585682
-84.366978
-84.34645400000001
-84.3617058159
-84.4085462
-84.39502209999999
-84.3390045166
-84.37090699999999
-84.3318194
-84.41216
-84.38464300000001
-84.3797329409
-84.30498100000001
-84.377675
-84.387816
-84.4082124521
-84.3109796525
-84.363745
-84.397706284
-84.36758780000001
-84.3653471332
-84.386798
-84.409022
-84.4999728352
-84.413967
-84.48105799999999
-84.37957
-84.31224773699999
-84.380213
-84.385694
-84.45352199999999
-84.39569300000001
-84.3672662
-84.3930969238
-84.3686171241
-84.3824954
-84.3045829
-84.3448899407
-84.3800768901
-84.3507758
-84.3489878
-84.4620583
-84.313739
-84.3274858
-84.43095699999999
-84.32665970000001
-84.3132421374
-84.288558513
-84.39578399999999
-84.31020459999999
-84.391625
-84.33319370000001
-84.4680803736
-84.38756590000001
-84.387660717
-84.3617783
-84.3263682
-84.50897900000001
-84.2645234
-84.39316099999999
-84.382866964
-84.3970262933
-84.38465699999999
-84.3954872604
-84.3827319
-84.272221
-84.3489673
-84.3913781
-84.3584577546
-84.3343405
-84.46172829999999
-84.3486181
-84.4008285
-84.4304369
-84.46662408569999
-84.34541
-84.31142750000001
-84.4621825454
-84.438019
-84.386606
-84.5112862261
-84.38912309999999
-84.426416
-84.4016306
-84.37056949999999
-84.310941
-84.38776920000001
-84.398842
-84.3527056
-84.38024250000001
-84.3672046
-84.39014499999999
-84.3858709987
-84.429594
-84.3693723614
-84.3487003
-84.443269
-84.3585195
-84.2861225326
-84.3810226
-84.361298
-84.2943872
-84.3670392
-84.3853336
-84.3656354045
-84.33801770000001
-84.5096432
-84.35851109999999
-84.3530753
-84.3697978297
-84.2350007
-84.42062
-84.390854
-84.2478275
-84.369258
-84.380523
-84.372192492
-84.31518879999999
-84.3820933048
-84.34454559999999
-84.36634959999999
-84.3489117
-84.2664501
-84.3821457401
-84.37167790000001
-84.44986159999999
-84.3684621305
-84.2857840285
-84.3900297994
-84.3617706299
-84.429389
-84.3549179
-84.3831371
-84.368837
-84.38011999999999
-84.315086
-84.38735559999999
-84.3512883
-84.2704769969
-84.36402170000001
-84.384439
-84.4722112985
-84.27279449999999
-84.4398783972
-84.3828282
-84.3786591
-84.3100500805
-84.3013222
-84.3374276161
-84.3817676
-84.4355173409
-84.33654
-84.40501
-84.3946177249
-84.3325791004
-84.38160904109999
-84.2655288
-84.2954729356
-84.3501608
-84.2370781302
-84.3944292
-84.32657370000001
-84.33828100000001
-84.4466599
-84.4261989985
-84.3669711374
-84.39790204170001
-84.5104388191
-84.3837314564
-84.353747
-84.3836503
-84.4423518942
-84.34268859999999
-84.47631679999999
-84.38303590000001
-84.326359
-84.4424049184
-84.379975
-84.385153
-84.44246899999999
-84.45002290000001
-84.397095
-84.3836006
-84.357206
-84.43604859999999
-84.3604478004
-84.425667
-84.405665
-84.34053890000001
-84.40757814050001
-84.386426892
-84.3206281197
-84.34042170000001
-84.3763913
-84.38803730000001
-84.405647
-84.3277015605
-84.39227170000001
-84.3804252
-84.381151
-84.36013
-84.4015965
-84.27540959999999
-84.412134
-84.36952640000001
-84.3657088144
-84.330416
-84.485608
-84.31012120000001
-84.3837017558
-84.3255778262
-84.395785
-84.42914040000001
-84.3870339169
-84.43876723220001
-84.349083
-84.3532809
-84.3871195
-84.388361
-84.3879421
-84.3234863
-84.3985727
-84.4293393957
-84.3806239349
-84.5489561422
-84.3894002905
-84.2700818
-84.34980300000001
-84.28286170000001
-84.3888336725
-84.2610619313
-84.3488282
-84.379913
-84.35588
-84.42924203529999
-84.31005090000001
-84.35258213729999
-84.3505334
-84.4024542024
-84.3351212
-84.362344022
-84.2875224352
-84.4620645046
-84.3268711409
-84.33233299999999
-84.391718958
-84.3827030747
-84.4327104092
-84.407798
-84.3802014
-84.3580849841
-84.369874
-84.3871006
-84.40618640000001
-84.4627548496
-84.37763199999999
-84.3769539548
-84.28864200000001
-84.2854839563
-84.373767525
-84.3103699
-84.497327
-84.32637059999999
-84.3805504
-84.2922684
-84.2703058
-84.3696071
-84.4161086954
-84.39441
-84.364182
-84.34668980229999
-84.3632824
-84.413967
-84.455464
-84.39502900000001
-84.25246130000001
-84.47222099999999
-84.3965409
-84.488288
-84.379914
-84.4252332037
-84.3878498
-84.445522
-84.3952413369
-84.284999
-84.3493438
-84.39708279999999
-84.3867222592
-84.37970870000001
-84.391712
-84.40440109999999
-84.394561
-84.383542
-84.2884159461
-84.3877977142
-84.41542
-84.4723582
-84.3795147
-84.3496246
-84.36003769999999
-84.36135329999999
-84.36538399999999
-84.3691637
-84.3973240256
-84.319112
-84.368616
-84.382824
-84.4142478
-84.3134906
-84.3668579
-84.363843
-84.34771429999999
-84.3800332636
-84.4178484792
-84.3992599
-84.4684341
-84.2847052
-84.406925
-84.377441
-84.3849563599
-84.4705334399
-84.390817
-84.256266
-84.4483786
-84.2836497
-84.4325573742
-84.3275928648
-84.3925908
-84.472226
-84.35253990000001
-84.35771700000001
-84.436151
-84.4473432004
-84.485724
-84.4389009476
-84.408927511
-84.378822
-84.38143620000001
-84.440859
-84.40186369999999
-84.2930869
-84.306539
-84.38793270000001
-84.3290196
-84.4715980898
-84.3927338
-84.46606
-84.2883343
-84.4606673185
-84.2956512
-84.4290657107
-84.340938
-84.2490600334
-84.4090852
-84.3954863
-84.44980981270001
-84.47058620000001
-84.377656
-84.3781149153
-84.3794829
-84.33599009999999
-84.3224125
-84.27137540000001
-84.28309813140001
-84.38701529999999
-84.390376
-84.37954
-84.3816179
-84.3989217
-84.3722804
-84.3617627
-84.4034776
-84.370798
-84.3771152571
-84.3546243
-84.2762471438
-84.387102
-84.3634638724
-84.3358175
-84.255313
-84.370207
-84.40914129999999
-84.352685
-84.378798627
-84.431628
-84.4391764379
-84.38431159999999
-84.39014499999999
-84.288025
-84.383206
-84.37976
-84.41668655720001
-84.339424
-84.4160766
-84.4681176
-84.2208095
-84.36325
-84.3936071
-84.309113
-84.3826818466
-84.33297301649999
-84.3651991
-84.45097700000001
-84.2907124
-84.347673
-84.3225885
-84.4384772
-84.2980189
-84.3506777
-84.44987929999999
-84.3340505
-84.334334
-84.3302128
-84.30909150000001
-84.3124777387
-84.470385
-84.40914129999999
-84.38822859999999
-84.443269
-84.453073
-84.379868
-84.42818050000001
-84.40790600000001
-84.37768840000001
-84.3830755
-84.39386429999999
-84.397945465
-84.3003259
-84.42931379630001
-84.35662099999999
-84.4143871
-84.36775899999999
-84.39487840000001
-84.3017941344
-84.3230895726
-84.32621262970001
-84.3289152
-84.42813100000001
-84.334271
-84.28822029999999
-84.36083609999999
-84.46230600000001
-84.3265873667
-84.415673
-84.4135230481
-84.31107809999999
-84.38981159999999
-84.490363
-84.2661918327
-84.3315408588
-84.353066
-84.34306600000001
-84.36546923899999
-84.28570749100001
-84.3871759
-84.3302128
-84.36912070000001
-84.3621037
-84.51162
-84.387851
-84.328388
-84.3916993
-84.426854
-84.462979
-84.3538794201
-84.38950770000001
-84.37782168390001
-84.26530699999999
-84.4676981585
-84.29656657529999
-84.3800219527
-84.370798
-84.3554186
-84.37870799999999
-84.46319820000001
-84.283588
-84.34159240000001
-84.34162099999999
-84.3732402
-84.3336214
-84.3855813
-84.377447
-84.37960600000001
-84.3935011499
-84.37862209999999
-84.5125295
-84.38453299999999
-84.394698143
-84.3770719
-84.3792287
-84.43709140000001
-84.3142637
-84.3895665674
-84.3877969
-84.3909792
-84.3990736761
-84.38852340000001
-84.37870600000001
-84.2567704071
-84.380507
-84.3877682593
-84.379079
-84.36384
-84.37368000000001
-84.4615843892
-84.5196383
-84.4635390933
-84.367598
-84.4690777
-84.377053
-84.38304458
-84.4722048904
-84.48649971180001
-84.38583797060001
-84.302182
-84.41008520000001
-84.3739444
-84.26888000000001
-84.38351822279999
-84.2684958
-84.3685049
-84.3773345
-84.333876
-84.5359566
-84.3825007
-84.2339306
-84.41829240000001
-84.38779179999999
-84.40802738069999
-84.3136847019
-84.4564303
-84.3839385
-84.40817690000002
-84.38087970000001
-84.3817041814
-84.38959799999999
-84.43665179999999
-84.44448609999999
-84.3455691437
-84.45124709999999
-84.314717
-84.355292
-84.3690732
-84.36117800000001
-84.2561915
-84.3881121288
-84.2703509331
-84.349776
-84.3102169118
-84.39691450000001
-84.351762
-84.389912
-84.2655793
-84.412644133
-84.38701999999999
-84.3848
-84.370568
-84.323459
-84.4008922
-84.315764
-84.4163767
-84.36546
-84.3504873
-84.444526
-84.340761179
-84.3879034314
-84.4253730207
-84.37983299999999
-84.48841615239999
-84.38037309999999
-84.3403396
-84.3103431196
-84.41886690000001
-84.3639806
-84.3704678
-84.2655821
-84.3810548
-84.37184520000001
-84.365834546
-84.4396479266
-84.36173029999999
-84.3121337146
-84.3903261043
-84.342435
-84.40186369999999
-84.2869693
-84.46341140000001
-84.3802108616
-84.44489499999999
-84.31594
-84.3467175441
-84.39718729
-84.358001
-84.450162
-84.3361199
-84.419574
-84.3771220806
-84.43682922810001
-84.4083304
-84.2997064938
-84.26442349999999
-84.4604592
-84.41646
-84.4804968012
-84.379285
-84.35185200000001
-84.3832007
-84.4408562
-84.4807458
-84.23455849999999
-84.40917590000001
-84.35092399999999
-84.367947
-84.4936626
-84.3718445897
-84.41923620000001
-84.5494885776
-84.2703646
-84.3981837
-84.410034
-84.311486
-84.4535749
-84.3225815892
-84.3724523388
-84.3371794864
-84.36812859999999
-84.368634
-84.4733431
-84.406868003
-84.37927979999999
-84.3552729
-84.3770808
-84.47041528220001
-84.3985777692
-84.33751099999999
-84.34989271159999
-84.3375505
-84.41274720000001
-84.3896672
-84.283224
-84.3818743
-84.3939556074
-84.2374703
-84.37731
-84.381693
-84.3728507733
-84.2852953283
-84.25451504029999
-84.37379279999999
-84.4299898462
-84.3624170801
-84.385129
-84.3893908043
-84.38483874810001
-84.2808128
-84.386318
-84.389587
-84.30239572020001
-84.395084
-84.2706393584
-84.4620062235
-84.367581
-84.3458348
-84.40513
-84.3797995
-84.27954009999999
-84.34939859999999
-84.3844566772
-84.43826240000001
-84.38954
-84.4390406231
-84.266244
-84.3715841833
-84.4291484833
-84.3452082
-84.3684092124
-84.3877631984
-84.38663707479999
-84.346029
-84.3788266
-84.368312
-84.370983
-84.35240809999999
-84.3762013609
-84.3892112241
-84.4531873565
-84.3880535
-84.2655890062
-84.26467
-84.3537736
-84.3679028
-84.348036
-84.5312704
-84.35794
-84.3881651
-84.3838921
-84.44877199999999
-84.4185181
-84.2749522749
-84.37819222430001
-84.3499410211
-84.34668719999999
-84.20544220000001
-84.38257209999999
-84.349985
-84.3641579669
-84.429027
-84.397015329
-84.39664519819999
-84.48044820000001
-84.3711005
-84.3657936
-84.364253
-84.4445403
-84.2573976984
-84.390904
-84.287666
-84.5108308
-84.38355299210001
-84.3880022
-84.2783679
-84.4392611249
-84.2752831
-84.3791254
-84.3706024183
-84.41494809999999
-84.39014499999999
-84.3777542114
-84.30892800000001
-84.280692
-84.3191466853
-84.30923220000001
-84.405817
-84.34687209999998
-84.3948444791
-84.407113
-84.4676458565
-84.3909873
-84.3817004934
-84.38457509999999
-84.3398660794
-84.3547114
-84.37970928850001
-84.2956512
-84.4385387
-84.3113901
-84.428259
-84.3985727
-84.2394665
-84.303089
-84.35475490000002
-84.42799790000001
-84.33543781739999
-84.37387009999999
-84.3766702
-84.48852600000001
-84.3897265
-84.3797854
-84.3787824
-84.385837
-84.47640200000001
-84.3486422673
-84.3391686
-84.309998
-84.37495799999999
-84.35279
-84.4358325005
-84.412846
-84.356792
-84.3675263
-84.2745282553
-84.3794473
-84.40279759999999
-84.3917585
-84.429461
-84.3424385
-84.38266750000001
-84.377861
-84.3796876
-84.3672855
-84.33524929100001
-84.4101894792
-84.47195959999999
-84.36421999999999
-84.37180409999999
-84.25637950000001
-84.3095872
-84.504716
-84.36868309999998
-84.4713651
-84.413081
-84.4448970887
-84.3797548
-84.39622370000001
-84.44
-84.32639529149999
-84.3797908
-84.30855
-84.2871840745
-84.3882075
-84.4691113383
-84.316209902
-84.3875324
-84.3367265817
-84.3822272
-84.3828292
-84.387431
-84.3679177837
-84.383018
-84.3673205148
-84.3766702
-84.39527220000001
-84.40259520000001
-84.38981690000001
-84.3089949541
-84.37962900000001
-84.30977890000001
-84.473217
-84.369258
-84.3361808
-84.3801724
-84.3854324
-84.3365923734
-84.34894670000001
-84.4446
-84.3258985
-84.41583979999999
-84.50805799999999
-84.2829762
-84.3000811
-84.5431867
-84.3328817
-84.409554
-84.3369204098
-84.28123000000001
-84.3710821233
-84.39530996180001
-84.48095740000001
-84.4326937546
-84.4448390675
-84.46203338
-84.30417159999999
-84.35829100000001
-84.3371577
-84.384598
-84.303688
-84.385685
-84.4632150141
-84.38479494229999
-84.35015859999999
-84.35684
-84.37167790000001
-84.3373196
-84.3660265592
-84.4178821
-84.395447122
-84.3783947
-84.3373196
-84.3961772
-84.37326
-84.3678467
-84.33509980000001
-84.4132862
-84.3509253892
-84.335667
-84.3900191793
-84.4168115
-84.3616104126
-84.40333129999999
-84.3626569
-84.3801270171
-84.38703149999999
-84.3787776241
-84.461188
-84.4492635
-84.325981
-84.4355175
-84.3651991
-84.319112
-84.37999609999999
-84.3846190721
-84.2655821
-84.46025300000001
-84.3928086226
-84.3467498
-84.466573
-84.3879702
-84.27611
-84.2807119712
-84.46044043479999
-84.4578587
-84.381068
-84.3883347
-84.4272213
-84.3875094
-84.43542120000001
-84.3031233
-84.4738863
-84.36384
-84.336451
-84.534947
-84.4491001
-84.3890061
-84.41813520000001
-84.3622242863
-84.34263814239999
-84.33979699999999
-84.26872665479999
-84.3813598
-84.3810319
-84.2816172
-84.3780108
-84.351807
-84.4686442
-84.28256309999999
-84.41410690000001
-84.35476379999999
-84.378099
-84.350183
-84.34093100000001
-84.28778663279999
-84.503428
-84.3373806775
-84.38853399999999
-84.372063
-84.328225
-84.3787240913
-84.3815762
-84.4663880513
-84.4706272
-84.29979300000001
-84.3490811437
-84.4378814505
-84.37260490000001
-84.44877199999999
-84.38091709999999
-84.45417309999999
-84.360623
-84.3807762
-84.38496409999999
-84.41288270000001
-84.366241
-84.3271615
-84.4570353
-84.390619
-84.3822797
-84.4159945
-84.4115772599
-84.3958248796
-84.4100224148
-84.291156
-84.27036
-84.38918879999999
-84.4060257958
-84.382081
-84.45743990000001
-84.34800190000001
-84.335255796
-84.35793699999999
-84.33757920000001
-84.3525207
-84.373029
-84.32575179999999
-84.34138100000001
-84.435806
-84.386523
-84.4348636
-84.3738005
-84.3542194
-84.37417909999999
-84.438002
-84.3526985
-84.4685685
-84.36525379999999
-84.2868402
-84.3409875
-84.3982027
-84.4574479394
-84.387218
-84.380736
-84.41723
-84.3452194333
-84.3913456
-84.30898234760001
-84.379914
-84.33453370000001
-84.51150200000001
-84.4560512
-84.3677175
-84.5110877536
-84.389421
-84.4172126
-84.383444
-84.2843572865
-84.3662186
-84.3369809699
-84.362535
-84.384517
-84.35901080000001
-84.3659571
-84.36708399999999
