33.846334999999996
33.8428749
33.896640500000004
33.772758
33.640879018
33.8551066087
33.7599229
33.827582299999996
33.7826388
33.788608261
33.759931
33.757001
33.8116376253
33.9259745
33.7868725
33.8858625
33.6169406
33.7817985
33.923643
33.8426915242
33.901926
33.847331
33.6537153
33.758258000000005
33.682520000000004
33.802353000000004
33.7380400882
33.9224516
33.752311999999996
33.7228838
33.807972
33.723341
33.7946333
33.8470360281
33.868135033
33.923196000000004
33.820152
33.759901
33.784569700000006
33.785385
33.7842287523
33.816919299999995
33.942711200000005
33.812666899999996
33.6158168
33.8104265
33.8475491
33.7876021
33.885843
33.7631977
33.917761
33.7723821771
33.7145145285
33.7754326777
33.7599264
33.7817784
33.8167245
33.8914300832
33.642736
33.7548568
33.792773600000004
33.845332
33.8142167
33.894817885100004
33.7650783
33.755711
33.755494595500004
33.7855793498
33.842634999999994
33.8922199269
33.847485799999994
33.7460355
33.783041
33.8428055
33.8811811088
33.7935121
33.7521304591
33.9205473
33.750698116100004
33.8505701
33.812073
33.8190064384
33.7444797995
33.8521138
33.918264
33.847235999999995
33.760344501
33.8180685613
33.7962675419
33.650538
33.7614220974
33.9293624
33.8975463424
33.838906
33.77323514
33.9050102579
33.859429999999996
33.936899
33.765006
33.9480429
33.7792437535
33.740046
33.639249698
33.887561
33.7464953
33.752785700000004
33.7700112
33.865369502600004
33.653605
33.760209100000004
33.759045
33.754135
33.618767999999996
33.9211335134
33.749735
33.780588197
33.8770045
33.747457399999995
33.884704799999994
33.836917829099995
33.8191873433
33.8425054
33.836649
33.9240631008
33.7883162579
33.8270174
33.7549173716
33.7832854
33.781325
33.7607924
33.8610346503
33.92485
33.7925916
33.6597479105
33.9311393
33.7786585043
33.9489047
33.696510700000005
33.760597
33.921394
33.810603
33.7424749
33.79834279999999
33.75415
33.906624125
33.8083032
33.7882425312
33.9484404781
33.772252200000004
33.773842
33.806309000000006
33.6369175684
33.725489
33.659158000000005
33.78684439999999
33.83564570000001
33.7206593
33.9146926
33.891316700000004
33.7847399
33.6407573778
33.907406099999996
33.935506700000005
33.851679
33.9473441
33.8082664
33.754388
33.7792475344
33.764691
33.8785909
33.7863690464
33.6245008498
33.838292272800004
33.9194901161
33.8986886889
33.8855841
33.8048138
33.9076632
33.913049
33.838297
33.7336646
33.768832
33.9307737
33.864727
33.7870711
33.759513899999995
33.7636311352
33.8372922
33.837151299999995
33.761615
33.846867869499995
33.772252200000004
33.6384360712
33.9238569
33.878932649
33.930526
33.817113
33.771821100000004
33.862099
33.7872968
33.7392412
33.6408044919
33.843101134
33.753858
33.7410381357
33.782260799999996
33.7456376
33.7878948
33.633964
33.64
33.783727
33.923609899999995
33.845701
33.845394
33.690768799999994
33.772890999999994
33.903366
33.894326
33.64122879999999
33.7545025
33.889496
33.897766
33.8014873
33.6408681321
33.7539368025
33.891315000000006
33.7512238
33.875353499999996
33.8114789
33.9230855704
33.7460481421
33.7400066176
33.73741210000001
33.743538
33.8438317
33.737869
33.9016612702
33.928940689099996
33.839871834499995
33.860073
33.898154999999996
33.755196999999995
33.8044169
33.8372922
33.7736517979
33.7787398
33.805566999999996
33.809600599999996
33.773614
33.8464743
33.763731
33.9143625
33.7725631941
33.766668
33.9076991
33.774377032
33.708645000000004
33.765203799999995
33.924924100000005
33.7482648359
33.858654863699996
33.658526838
33.7645524
33.8478359
33.784540899999996
33.871390999999996
33.77163
33.7798404
33.810736299999995
33.8698119
33.82847419
33.8934591
33.65299
33.75455170000001
33.7840617
33.919491
33.755715
33.7834104147
33.785861
33.7717969793
33.8084932
33.890648
33.6595831
33.8889481
33.75923
33.754432558299996
33.858621299999996
33.918698
33.64122879999999
33.7555787158
33.9194524
33.7792701721
33.83012
33.880573
33.774382200000005
33.837503600000005
33.6634653711
33.6529938
33.841001
33.756331599999996
33.791717
33.919349700000005
33.7614244258
33.921759555
33.9114034
33.6550991
33.743971200000004
33.7741531407
33.743514000000005
33.8126044
33.777318900000004
33.9119311
33.7584799
33.86424
33.8778908
33.641417155
33.779152
33.7817687555
33.9319081532
33.8414482
33.782683
33.7506051
33.846725899999996
33.842911
33.7336191
33.83861928
33.7410679676
33.89653920000001
33.8247638209
33.9127816769
33.8697543963
33.857038
33.754707200000006
33.8388439
33.7805935931
33.737665299999996
33.778385287
33.8641514674
33.761573999999996
33.755162
33.659017999999996
33.781420399999995
33.7641982
33.9192008071
33.9075598
33.6806676266
33.7067888095
33.8567506
33.832625
33.8014873
33.756209000000005
33.754076
33.7913641
33.86120379999999
33.8379356718
33.914678
33.841014
33.8833783
33.794876
33.747924499999996
33.8051032145
33.779271
33.830734
33.8862752809
33.8367614
33.8478479
33.7140068
33.792773600000004
33.7642398
33.871201551
33.8490464347
33.915858
33.851831
33.7403491
33.7378545
33.831108183699996
33.78261
33.7519619679
33.923139299999995
33.7860355627
33.845813299999996
33.9201686
33.7387095456
33.6903271
33.8528035
33.8858625
33.888653999999995
33.640586
33.90768
33.7459406997
33.9230417
33.7600008
33.837165999999996
33.817030100000004
33.921870399999996
33.754750266900004
33.685215
33.901915
33.8412563
33.776245
33.7540215
33.9149820984
33.755658000000004
33.897290600000005
33.772758
33.865784999999995
33.837451
33.9485687
33.761693
33.8982575
33.8424878179
33.756869642699996
33.886008200000006
33.7750369
33.7550321068
33.9366491089
33.842042
33.7752651
33.7842642391
33.7535211
33.850488399999996
33.7927910819
33.8601661
33.7538299561
33.910591499999995
33.896587371799995
33.902595
33.7730593723
33.7447721
33.7982624354
33.9074689
33.8389464582
33.8422094
33.72460770000001
33.7636223
33.886256
33.7809472
33.6238826642
33.826392248400005
33.771335
33.8372146
33.8317804
33.6409035811
33.640046457
33.822309000000004
33.849627000000005
33.75843
33.896954
33.8378954489
33.773927
33.772843
33.843154600000005
33.8449333141
33.774029999999996
33.8607581
33.7927229
33.6244748861
33.772661
33.9080388454
33.7732971415
33.7802833431
33.6385623196
33.7601321
33.6074905296
33.7566635
33.738502000000004
33.8010371
33.781577
33.775578
33.815794298200004
33.9089847078
33.8930726
33.746910299999996
33.805648
33.7432654
33.7535491
33.8384016204
33.777971
33.868035
33.791602399999995
33.777466499999996
33.79262979999999
33.7733857
33.6130727297
33.7825232
33.8439787
33.6888718
33.7586045
33.839855299999996
33.9248539
33.7667369
33.827518
33.7543483
33.7779929502
33.932846999999995
33.8932741414
33.916299
33.8092173012
33.7937805
33.784176
33.79598529999999
33.732796
33.7557131
33.903998161
33.8475701751
33.77968
33.7554158
33.885276
33.757808000000004
33.929328999999996
33.6537515
33.86482
33.8039105681
33.8478479
33.932159000000006
33.769505
33.8426657
33.714359
33.754717600000006
33.815615
33.9185733068
33.7768607228
33.8487474
33.7496598912
33.753370200000006
33.8203357
33.886256
33.816165999999996
33.743334000000004
33.948593
33.830951899999995
33.7423370477
33.8404459
33.925559
33.848597999999996
33.900116491300004
33.8869711418
33.8172263409
33.8681955
33.8224512
33.773342803
33.753209399999996
33.9217906947
33.607709
33.901441999999996
33.94129829999999
33.743109999999994
33.8420948
33.837245
33.9201686
33.753238
33.8953013
33.7946333
33.7957732
33.755784999999996
33.776789302800005
33.8541015886
33.76505220000001
33.777443
33.7761465
33.628069399999994
33.9252148
33.7565037405
33.7958627
33.7504526
33.818068700000005
33.9297254713
33.774355
33.759867
33.911413200000005
33.845862658499996
33.816363700000004
33.7438391
33.8010371
33.9213579
33.8121798272
33.818862
33.9184908875
33.8525912
33.789483000000004
33.904616008400005
33.907922
33.896640500000004
33.7778417068
33.885439973800004
33.7868725
33.8859157
33.8092277
33.919438899999996
33.63985
33.7219416
33.78647995
33.741829100000004
33.908546384699996
33.7714301
33.7628895
33.880942242399996
33.77196
33.831014
33.8719109
33.7541294
33.725848
33.8009051173
33.880009
33.921448600000005
33.8266723
33.9361299
33.780238
33.7980822
33.840562899999995
33.8882172
33.719275
33.845289
33.755417200000004
33.899906200000004
33.856491
33.640865999999995
33.8426657
33.887677000000004
33.843154600000005
33.7688984
33.8376450723
33.7910383958
33.805295
33.740900399999994
33.760358000000004
33.755247999999995
33.845473999999996
33.8164481
33.919535499999995
33.7739452455
33.6398692979
33.7859
33.8911185
33.7404805
33.637951
33.815450399999996
33.784628999999995
33.7551191
33.8468380268
33.706436700000005
33.7878925
33.8073639
33.9195266
33.815887205100005
33.8446505
33.6580859
33.792869
33.7559842
33.723403999999995
33.9236109214
33.740005200000006
33.784819
33.732791999999996
33.87405
33.8890349
33.810132
33.7725372
33.809426768099996
33.658296
33.804787700000006
33.7426165
33.755632399999996
33.6390510938
33.843154600000005
33.787963
33.9255974505
33.8474207254
33.826845
33.916600700000004
33.7934096097
33.8315823
33.6409058141
33.7611507025
33.9238569
33.754249
33.746663700000006
33.8642215
33.7885662
33.849942999999996
33.8681193
33.7464265399
33.8916318
33.7868919
33.762661791199996
33.8100962341
33.6022504631
33.751492
33.775669
33.837106299999995
33.816190287
33.8812
33.7497494
33.760858
33.780128000000005
33.884097
33.923898
33.908703114299996
33.907385999999995
33.816365000000005
33.7690333818
33.841387100000006
33.9473441
33.71515
33.80532720000001
33.784839399999996
33.881454
33.8899124383
33.8131699838
33.746515
33.9051885
33.815374
33.784098
33.7592481757
33.7227057336
33.7688859
33.786612
33.925055
33.913438
33.8718435
33.871559999999995
33.7826059641
33.7849424504
33.9076991
33.736709999999995
33.807807000000004
33.923526
33.90745870000001
33.785627000000005
33.777374705
33.779345899999996
33.9184583
33.8044395665
33.6389519665
33.807807000000004
33.842397600000005
33.753755299999995
33.8007989
33.740795
33.668617
33.615125
33.687462
33.7215044
33.8194515
33.7554655
33.897056400000004
33.7963896243
33.921326160599996
33.751669448600005
33.839186
33.7438902108
33.759277600000004
33.7830260594
33.781391
33.773051216999995
33.7863680146
33.775340500000006
33.9080257442
33.8974215
33.8737321167
33.927204100000004
33.782376299999996
33.658181799999994
33.7752651
33.687594411199996
33.7767972566
33.9296095
33.753457
33.7467805
33.8167055
33.9195744
33.6064193
33.932426
33.758107
33.8936561
33.9375420875
33.8414174
33.7805696266
33.764595
33.9379609512
33.8078507
33.922733590300005
33.8698835
33.811615100000004
33.8116773
33.8886946726
33.640591
33.7799307
33.77703029999999
33.7512364
33.777318900000004
33.9144274
33.901962100000006
33.810335200000004
33.76021110000001
33.9099459
33.920636
33.6397830368
33.771821100000004
33.754554299999995
33.760209100000004
33.800329
33.815828
33.773857299999996
33.854688700000004
33.7860664707
33.846334999999996
33.738963899999995
33.745901200000006
33.8478479
33.656028471599996
33.844339468899996
33.755253
33.7542181
33.847006019
33.789023022100004
33.885857773400005
33.6979313374
33.688472625500005
33.7463645
33.8400808604
33.7560556
33.7555311
33.791157899999995
33.8397266
33.7818237045
33.770845
33.801922499999996
33.766023700000005
33.7865214
33.7806435
33.8275967
33.754832799999996
33.839617
33.9087861
33.852838299999995
33.6081696
33.659496000000004
33.791157899999995
33.7811016
33.890151
33.8741038153
33.740018299999996
33.882019043
33.927204100000004
33.7514041
33.89545510000001
33.617021799999996
33.752107
33.926529602600006
33.844425
33.7247045048
33.751337899999996
33.7146037
33.866306
33.741829100000004
33.754353
33.838333125
33.7547495779
33.640862799999994
33.923684
33.7696222
33.640462775100005
33.761704548400004
33.7594349
33.6407282
33.7977759
33.614202
33.7602157
33.785853
33.801947999999996
33.7737051
33.756128000000004
33.774294
33.6886571
33.755784999999996
33.785231
33.6589223
33.6596799
33.9221484432
33.785864399999994
33.846709999999995
33.7328419
33.7405425
33.6190989
33.909219
33.7879682
33.8509253471
33.907924
33.7773754
33.8438317
33.845233636799996
33.640752
33.601442
33.757993299999995
33.7727846243
33.816688899999995
33.871373999999996
33.755871
33.7410393
33.8877206699
33.7988482
33.777024
33.846951000000004
33.7785949707
33.8229125
33.7607097
33.607973
33.7581973
33.757649
33.8076078
33.845504404
33.8222461171
33.7649637
33.8520311
33.755711
33.9298062
33.7838926
33.7241423
33.7255134583
33.7496874
33.929528999999995
33.9141746
33.639896
33.8934212142
33.7589701631
33.8557134
33.932562081
33.9456219
33.81673060000001
33.7522596
33.6181305816
33.9043443128
33.7603348616
33.784529
33.7872728
33.7849958
33.6168752
33.88584
33.7854
33.780109499999995
33.846886
33.6815684
33.777012899999995
33.849361
33.7865192
33.74980120000001
33.8145427734
33.8574875
33.811547
33.7405302724
33.839486
33.848185
33.761132399999994
33.8401356
33.8444626
33.758484
33.7624092
33.8971324383
33.6408688797
33.774037
33.756123548699996
33.896397
33.754487700000006
33.842526
33.838710999999996
33.837232
33.7768671187
33.7681665
33.885861
33.757768
33.8848262008
33.927512899999996
33.8190947349
33.8167904822
33.813493
33.6530043718
33.781769399999995
33.7825675
33.786584000000005
33.8460660936
33.7465232
33.848597999999996
33.7338528
33.73650429999999
33.888094
33.8012432677
33.687261
33.887656
33.858621299999996
33.7817676
33.763621
33.804346
33.7704638696
33.857601
33.780559999999994
33.816886
33.758716899999996
33.786788734699996
33.9266186
33.781577
33.77808710000001
33.87737620000001
33.7859501456
33.843916
33.774355458
33.6406432526
33.8169465
33.7393507
33.866986
33.9280201
33.837634
33.8094340326
33.6044318
33.9362908
33.9134094
33.7634016
33.8753038
33.8419169
33.85005
33.80194960000001
33.640907
33.729955
33.9272144
33.755528999999996
33.916453999999995
33.8316767
33.9216666
33.8426657
33.787648
33.660063
33.861089
33.75445
33.7541951268
33.7407235
33.7465353
33.7926977
33.8112458
33.6400159
33.7802684435
33.925081899999995
33.7570482
33.804595
33.8991
33.7603845
33.786939600000004
33.8855468
33.7626226194
33.8531499
33.640584000000004
33.7498337
33.919852561
33.8156291521
33.8995071
33.83457979999999
33.7752651
33.935522
33.7252574561
33.7408966693
33.7933
33.653780100000006
33.759299215700004
33.90741
33.872808899999995
33.6401015061
33.817948227399995
33.616999
33.776463899999996
33.759626000000004
33.748973299999996
33.7610514725
33.9353307
33.852816
33.752595899999996
33.7471071
33.9474568
33.640754
33.7927032
33.763354299999996
33.7370675
33.893725007
33.68968220000001
33.8018425
33.7782571443
33.8812699
33.9162402
33.836995
33.75832
33.7554233
33.8665571
33.7731990404
33.749657287199994
33.8182708139
33.8079066323
33.6592848
33.74980120000001
33.6408586
33.7456734942
33.779196
33.9184326
33.750595600000004
33.884095
33.8063953879
33.784777000000005
33.763386
33.9144317
33.893246500000004
33.8042201513
33.755070399999994
33.764309000000004
33.7459225
33.623836
33.7436586
33.780941799999994
33.848176099999996
33.644008590300004
33.7574321
33.756007000000004
33.78179420000001
33.8425408
33.734806799999994
33.749798999999996
33.847415000000005
33.7850497
33.7670023847
33.6564550815
33.700090700000004
33.788407
33.912819
33.905233
33.8689
33.8193743957
33.8885729
33.6437858569
33.8432714
33.883690225100004
33.7739260563
33.653780100000006
33.7734698
33.901596999999995
33.879599
33.639637
33.92352
33.7625696
33.9350289
33.8256097
33.7213761
33.708925174899996
33.920200200000004
33.8929265
33.6549060181
33.926756
33.754876
33.7782719252
33.7497494
33.8651792
33.687789
33.7865611
33.7818463
33.63974210000001
33.7790046
33.7888710338
33.6116406088
33.836622999999996
33.9211341
33.8296052
33.6407125
33.7387767384
33.7327898
33.9060492143
33.8847628
33.7381692
33.7551416569
33.8812699
33.917079
33.751302770500004
33.6261177
33.8853301169
33.838929
33.7468297
33.7417922
33.7624231213
33.733799100000006
33.805565254
33.7382039
33.7408705
33.889924
33.9025669
33.737178799999995
33.880633
33.663106299999995
33.9196333
33.858621299999996
33.642284000000004
33.8649814
33.8708462085
33.8840407
33.919653926100004
33.817058200000005
33.789243400000004
33.7464138
33.898453700000005
33.803357
33.7533178727
33.7887952
33.7539262
33.75408
33.842650899999995
33.760912
33.74091129999999
33.8680789283
33.883568
33.917059852
33.842045399999996
33.920832399999995
33.739115999999996
33.7854097461
33.823905700000005
33.615008
33.758241999999996
33.782135600000004
33.779413
33.921310600000005
33.870923
33.760680900000004
33.876363
33.640869
33.6596082995
33.81206629999999
33.839913
33.75925
33.688014
33.884006
33.8284689414
33.917977
33.754115999999996
33.9209875
33.7636850246
33.828523600000004
33.753601
33.7626399325
33.928364
33.7668341786
33.6816412
33.765584999999994
33.9136546
33.739194700000006
33.8499523
33.9165372
33.8107112
33.7791016
33.8914
33.78471029999999
33.719023
33.7230662
33.8471319285
33.6584989
33.789243400000004
33.8017391083
33.786898
33.8041092893
33.932213399999995
33.907859
33.8912680017
33.740332099999996
33.7930821546
33.8387692
33.651435
33.756345
33.7621191046
33.9257031
33.90557379999999
33.755787
33.913406
33.919452
33.754482200000005
33.738278
33.89682
33.756351
33.7628550933
33.643652294
33.7909270557
33.7796023
33.86701
33.847128000000005
33.9344372649
33.9199
33.8405631942
33.811607
33.8135487112
33.8642215
33.8331368
33.7925625
33.9365577
33.8905571
33.89011729999999
33.8796302
33.78634279999999
33.895491
33.8467098
33.8037968
33.8851088
33.926578000000006
33.64122879999999
33.867364
33.8447027
33.848145
33.851733
33.936040000000006
33.785954499999995
33.822728999999995
33.809642499999995
33.7532155
33.786361420700004
33.8563375115
33.795786
33.935652000000005
33.728089700000005
33.8726064
33.772481
33.8612329
33.8963309644
33.8912713087
33.7569394607
33.8429303
33.77757864
33.8811255426
33.8125231
33.746549
33.883731
33.810479
33.71395379999999
33.779756400000004
33.7393507
33.885166
33.782504100000004
33.8665739
33.926421999999995
33.751356
33.7465888
33.85579
33.70846160000001
33.91231679999999
33.836543400000004
33.7459225
33.777327
33.656332299999995
33.6397558085
33.6102112
33.9183149263
33.900048
33.8405407
33.9252434
33.872599
33.7578633
33.811609600000004
33.6066533
33.8069835
33.640015999999996
33.828505
33.759783
33.69858120000001
33.838627
33.7385156
33.788795799999995
33.7560655406
33.922708
33.912852378400004
33.7605381455
33.847038315300004
33.863583
33.9185678
33.7429587624
33.754042600000005
33.8798003473
33.814228
33.7723855939
33.7820009374
33.880006
33.8924391
33.9076991
33.65583970000001
33.884675
33.747926
33.9290382
33.8681193
33.779742
33.7644784
33.92940469
33.8755684313
33.8922356
33.8242463
33.7540217417
33.761187806100004
33.690039
33.761575384699995
33.919032
33.7736434
33.739996531100005
33.857557
33.8343211937
33.890746548
33.885416799999994
33.782617
33.74284779999999
33.899653799999996
33.7731204949
33.8259408
33.872407
33.8397142
33.7622772505
33.821439500000004
33.921064
33.8885887505
33.796743400000004
33.9220491395
33.8167949
33.8429303
33.9212374871
33.758622700000004
33.8094654
33.6428511063
33.8480724
33.836684000000005
33.7854
33.6393193
33.8702482837
33.8187960778
33.7684555662
33.7656837023
33.6990349784
33.75685
33.8665632
33.7767505
33.7315625701
33.760098600000006
33.7578357
33.640846999999994
33.874111799999994
33.9184583
33.64087178
33.7427758
33.753782634000004
33.7666480295
33.7840978343
33.755547299999996
33.8014873
33.74823920000001
33.762498
33.870888075399996
33.7404027
33.706797200000004
33.835763799999995
33.8807155293
33.740947999999996
33.8695543
33.768765
33.653627
33.78605
33.656709
33.917331
33.7791704
33.756209000000005
33.91853
33.759906
33.752221999999996
33.7427476
33.783451
33.839193
33.811701
33.640974
33.6262159
33.7667368642
33.8429303
33.845089
33.8907516
33.758057
33.7770005
33.738411799999994
33.90582620000001
33.7602056897
33.846334999999996
33.8325949
33.756519
33.656381599999996
33.78072
33.8279337
33.869264
33.7472715246
33.9131108
33.6407368
33.737397351
33.776675
33.9066274
33.7824913457
33.853385521
33.848846
33.7552915
33.713246399999996
33.809163
33.8378767
33.779473413000005
33.7766341257
33.633955
33.8397142
33.949014
33.947846999999996
33.783910999999996
33.7504251
33.888653000000005
33.7727338
33.81643270000001
33.7642398
33.8774848
33.7841994
33.7549566
33.7394264
33.8905571
33.9192544
33.918234000000005
33.819904746
33.928129538200004
33.849491
33.8145314549
33.7639711
33.699017
33.756815
33.7715905
33.8008473129
33.7764479667
33.762945
33.889179999999996
33.8153512
33.9046338175
33.7553484077
33.773478999999995
33.8708031
33.780238
33.845973415100005
33.804880100000005
33.8810285788
33.9473441
33.837232
33.778068499999996
33.7862084
33.835392999999996
33.81842
33.7986436
33.7501017
33.873097599699996
33.721994200000005
33.8076761
33.835595
33.8936424131
33.831112
33.7477905
33.806838
33.8372763
33.9090008504
33.6820736793
33.772571299999996
33.9201675
33.888649
33.6066533
33.7463850002
33.7337292
33.7638793006
33.7541444823
33.8378456192
33.795787
33.8421514
33.6557441
33.7465977
33.8399107997
33.7771088
33.7749514659
33.782702799999996
33.92133629999999
33.8525561
33.7802404
33.8090971
33.7684609
33.848704999999995
33.6548370489
33.7779474
33.923787641
33.756653
33.89046
33.893454217
33.7600779
33.6650137
33.7558852
33.917679
33.905376000000004
33.7821436152
33.659262072800004
33.8910449
33.770882
33.7638344
33.9054352261
33.921155
33.8749299
33.78395
33.756985
33.8072004
33.7744309
33.9110064
33.864996999999995
33.8812471793
33.7543674
33.8392039032
33.705784200000004
33.7827745771
33.7405582
33.756749987
33.8461936566
33.839338
33.7564667766
33.8887050736
33.6388889079
33.784234000000005
33.921894
33.749520700000005
33.934701000000004
33.782260799999996
33.756958000000004
33.9230651855
33.742682
33.7411295
33.800968700000006
33.815995723600004
33.716444
33.7815385
33.816959999999995
33.762673
33.814206481999996
33.653627
33.7436309
33.792799
33.7410255712
33.84582
33.773724
33.814661
33.739881075300005
33.882853000000004
33.810982
33.775257
33.749191100000004
33.814729
33.9231637
33.626239776599995
33.786609251
33.775841
33.6890245
33.7768214297
33.8802598856
33.9321533711
33.8169465
33.90826
33.8019632
33.792508500000004
33.814989000000004
33.872808899999995
33.601538399999995
33.8738840389
33.7710594
33.834185
33.857033
33.898737
33.755909
33.790181075599996
33.8328354
33.78670770000001
33.790075
33.7742709
33.862358985
33.8805391758
33.755298568200004
33.77412329999999
33.8256140085
33.722761
33.6110495292
33.842434499999996
33.7228427534
33.7524686
33.659605
33.901927
33.834823
33.8914351
33.8487474
33.9030842
33.919009100000004
33.8127481
33.795001
33.7466782
33.78257979999999
33.84574129999999
33.7736049
33.8160032686
33.8067634025
33.7543441
33.842701
33.8272099234
33.7726196
33.7843199797
33.780532
33.862244
33.781537
33.7465468
33.9293624
33.74966
33.8942234
33.8262873
33.759147
33.6267836208
33.787954
33.7725223
33.760928
33.8061245
33.7551869
33.881129
33.6530985731
33.842526
33.8120737
33.7407023787
33.759913299999994
33.9313864948
33.6407456
33.7494259
33.866425
33.664611799999996
33.762736
33.730719
33.7369778
33.8146251
33.817890000000006
33.76289439999999
33.856615000000005
33.899514200000006
33.817155
33.6385255761
33.9207705
33.892569
33.763678000000006
33.75714462
33.7614027
33.903269099999996
33.739961
33.7824109
33.849364
33.876271
33.640862799999994
33.927208799999995
33.9279656
33.7744053
33.781625299999995
33.761147264099996
33.763985999999996
33.640671999999995
33.8880079
33.7639105
33.8104265
33.761615899999995
33.8814145753
33.7548568
33.7160954
33.7544596707
33.7600008
33.8424612046
33.918403999999995
33.786482799999995
33.765479528
33.6876787
33.7554365
33.7761511
33.74798079999999
33.7409036
33.823919000000004
33.7544968
33.8847839149
33.924021
33.66021679999999
33.846250899999994
33.782848
33.900095
33.7841052
33.8909521
33.7402347
33.7793106359
33.799337
33.6864247666
33.738752053
33.746
33.809639000000004
33.84023117
33.9235381
33.6408002
33.76122
33.749619099
33.8652758
33.7866929
33.8174889927
33.7600008
33.770728639299996
33.8799930347
33.7623174
33.6407437378
33.755871
33.7756652777
33.739298
33.6408586
33.8608548
33.9286198
33.6580859
33.6391950653
33.8809875817
33.8366132
33.921412700000005
33.814446000000004
33.7464701
33.792298200000005
33.9001711
33.8484002
33.871405200000005
33.801221999999996
33.7821875
33.776895
33.8063588101
33.883206701999995
33.9206561006
33.7561929
33.9249558
33.772832
33.8425435279
33.864013
33.850926728699996
33.7795982361
33.7809472
33.784532
33.841006
33.7582783178
33.739961
33.808768900000004
33.640960863400004
33.9474568
33.8847628
33.914693799999995
33.782524200000005
33.889693
33.781107299999995
33.7784055
33.7917797
33.89026
33.7523414
33.737982200000005
33.903239
33.7600008
33.7532055
33.8014873
33.906113
33.7600008
33.7817426
33.8551429
33.7867828444
33.883324
33.7158458
33.9189201
33.771831
33.848414700000006
33.9081555
33.7489954
33.7237869
33.7820169
33.816851299999996
33.6406392859
33.7646590763
33.8913692704
33.760086
33.642859
33.906396
33.9249910452
33.7509821165
33.8549544
33.7753286703
33.711081
33.7551463956
33.740295115500004
33.7791016
33.7799401375
33.845614000000005
33.8419176
33.9080931
33.841682399999996
33.7460355
33.919049799999996
33.7727116
33.901426
33.9475323
33.74969
33.7846817542
33.8897006
33.788538973099996
33.7640628
33.6018431815
33.6074801258
33.894387
33.7558383
33.760386
33.770845
33.839241200000004
33.847993
33.740527358499996
33.8805627727
33.826271149
33.7381732539
33.764925723400005
33.777012899999995
33.779871500000006
33.7409143
33.880441999999995
33.7788980763
33.888678399999996
33.65983189999999
33.7840866
33.8315639645
33.9258174606
33.9237286562
33.8372146
33.7365629712
33.796789398200005
33.7547004
33.6981601
33.794555674899996
33.916326
33.86495
33.772919200000004
33.8897635293
33.949746000000005
33.780269
33.781795
33.812666899999996
33.9239132821
33.7932029302
33.871035
33.6938883
33.800968700000006
33.654404
33.919478000000005
33.823235499999996
33.8212865
33.8737472192
33.7788174919
33.6390483459
33.659583000000005
33.792738
33.7777325
33.8809416
33.7842239
33.925007
33.775917
33.861933276100004
33.6975046
33.7540215
33.8279337
33.7609953
33.7723824
33.761914399999995
33.760517
33.889169
33.7672684349
33.9227468
33.7545361
33.7517828
33.8169836
33.891368
33.760228000000005
33.758282
33.640745
33.755711
33.9180627429
33.8149
33.8625994631
33.77394
33.928065999999994
33.840251
33.754847600000005
33.777448
33.7513899
33.7392437
33.605870700000004
33.7582667
33.816659
33.733595
33.8365097
33.728004799999994
33.9179876961
33.8071969
33.884274
33.9278532
33.754442
33.8098014
33.7630409778
33.888405600000006
33.842650899999995
33.749838700000005
33.864903999999996
33.871251799999996
33.814051299999996
33.760069
33.8411403
33.8009586022
33.770845
33.643044700000004
33.781526899999996
33.749299
33.7842227252
33.7689713
33.810391499999994
33.87727329999999
33.758693467
33.7853221
33.751337899999996
33.804163200000005
33.8820046
33.800968700000006
33.7542071
33.8411839815
33.7586407
33.8413887
33.8274006
33.7868725
33.7183842
33.6534787185
33.9076991
33.778342200000004
33.8537836
33.753347999999995
33.7763776703
33.831846999999996
33.7700811336
33.812004243400004
33.924936100000004
33.705304600000005
33.755784999999996
33.773925
33.75727
33.7177618
33.865638700000005
33.8014873
33.751354600000006
33.723039
33.785819000000004
33.640884299999996
33.74091129999999
33.8913956
33.858421299999996
33.859912898299996
33.700354499999996
33.761733
33.6588025
33.743469899999994
33.9055396
33.7717993
33.8970456631
33.8650911956
33.6158186
33.6962217914
33.63742
33.8808530426
33.783151000000004
33.805637
33.8859157
33.7249688825
33.64432
33.837309999999995
33.7601
33.74645
33.81792720000001
33.76021110000001
33.7734586
33.849295500000004
33.7834311
33.778985999999996
33.792418
33.8665035
33.79598529999999
33.640951799999996
33.8086799
33.8362756
33.664611799999996
33.602191
33.8014258
33.774319899999995
33.855182
33.7684711
33.826862299999995
33.841999
33.7688859
33.811605799999995
33.761050437899996
33.9292315233
33.6514629469
33.7243034
33.8279087568
33.8452888
33.786640000000006
33.642205415300005
33.8509665625
33.6590739
33.6643269
33.884799
33.760637
33.9309734446
33.772200399999996
33.92237
33.792772
33.7292537
33.7980347
33.8127687911
33.91414
33.785927855
33.9254098483
33.7681665
33.8528035
33.869494
33.642717
33.8566085797
33.9288022924
33.640832
33.935278525
33.7739382
33.7464425
33.774149
33.9335411
33.772416899999996
33.860888
33.9051216591
33.7782279779
33.7930185
33.681595200000004
33.907781
33.6064533
33.908109
33.771588
33.871607
33.8435785
33.6542527
33.7890226
33.8168393094
33.839833
33.7541984
33.847770000000004
33.8762911
33.8922627
33.8780583
33.8377635356
33.808768900000004
33.8377650452
33.755776000000004
33.918223
33.823073
33.804787700000006
33.8201241215
33.8285473
33.800286
33.8005214278
33.7707005484
33.725516
33.7400979
33.7753406
33.80828579999999
33.8383843464
33.6423487902
33.7518411917
33.777132
33.9296706
33.7872822769
33.7625351913
33.8370927
33.641614000000004
33.7140633
33.7726816
33.761239700000004
33.77684
33.754311
33.916088
33.7518162
33.6382699537
33.8012703
33.8279874
33.888515000000005
33.9473441
33.779086
33.777125700000006
33.8444328
33.8913956
33.7798632
33.8268835
33.7715099
33.9178828
33.91105579999999
33.782444500000004
33.7761595299
33.839928
33.702734
33.78284
33.8855414
33.7249934
33.8464507037
33.835648
33.778649
33.776623
33.7531672
33.7370102
33.781758
33.765203799999995
33.641205
33.782295
33.6186732
33.754168035300005
33.737309
33.8465469913
33.753103
33.7820526
33.87865
33.739999499999996
33.8342068
33.7602143
33.681554999999996
33.8353941
33.9031712
33.749657
33.861029691999995
33.640716
33.756128000000004
33.667184000000006
33.7231988
33.606626
33.8145792129
33.7803435028
33.751490999999994
33.7408988
33.779271
33.688584000000006
33.7769608
33.816478000000004
33.9158543202
33.749719565999996
33.7937751
33.8014873
33.832824
33.654952
33.7514792
33.807460999999996
33.816482799999996
33.6559203773
33.6958963
33.92569
33.7420571
33.844871665
33.924590203200005
33.91782
33.65960820000001
33.7418243388
33.889165999999996
33.740936100000006
33.920061
33.909033
33.884808
33.919596500000004
33.9212252983
33.8858615
33.8840478356
33.651354
33.787648
33.8903722
33.793093428
33.7545002
33.6330812757
33.746928100000005
33.7617642469
33.8432786715
33.772469
33.756608773800004
33.833468644
33.7861128497
33.787425799999994
33.8062290159
33.771821100000004
33.7840048771
33.7582195
33.6983777
33.817906
33.746484
33.8900622
33.7840684
33.882523
33.888217197399996
33.795454
33.8652287392
33.8282768
33.7858865
33.8496298703
33.851487
33.6243327573
33.9234206
33.915636
33.771808
33.7935595
33.754461299999996
33.7884
33.9290120542
33.8075138584
33.92244633
33.8395308
33.745631
33.9080602
33.7774837177
33.786953999999994
33.8524325477
33.892327
33.661352
33.8642215
33.7742937531
33.74738
33.68812929999999
33.781119399999994
33.722319052399996
33.882102
33.7727116
33.907857
33.837728999999996
33.77362
33.7580079003
33.84164929999999
33.88081470000001
33.7891582
33.8283561298
33.614720500000004
33.756986600000005
33.8984955
33.8760651
33.7578963
33.7849102
33.927421907399996
33.9180568584
33.8917508
33.772869
33.921764511199996
33.764896
33.8952537
33.831461100000006
33.8850087242
33.8985032
33.6400159
33.758365999999995
33.756696399999996
33.82569086
33.7922174
33.771642
33.6392264892
33.8963631
33.778245
33.7649533
33.7642325
33.806660603699996
33.925626
33.837343100000005
33.7591563149
33.654029799999996
33.73940220000001
33.822737195500004
33.883970399999995
33.7774648175
33.8014258
33.7336820661
33.7587422
33.775135999999996
33.757919
33.701619799999996
33.830734
33.807596200000006
33.9131113926
33.7601810774
33.7859
33.7859263
33.754520899999996
33.9483557
33.7764265
33.784062
33.8226698
33.8872561
33.933344576399996
33.9170796
33.7837311
33.744754
33.717514
33.7730297
33.776754700000005
33.9048896686
33.749215500000005
33.640956
33.6281273118
33.9498662
33.8462925
33.8796596237
33.8046547
33.7404189
33.9099459
33.762725
33.7853225936
33.89617
33.820241499999995
33.7157093
33.90989879999999
33.8858946
33.793617
33.7846218
33.7540215
33.8435389
33.8372
33.8697765891
33.9262630965
33.907932
33.73650429999999
33.836088000000004
33.90762470000001
33.8401618869
33.8368237841
33.789243400000004
33.923847997399996
33.7393299
33.8545935183
33.8959650448
33.777409999999996
33.844712
33.7507846
33.812617586500004
33.8971078
33.88108
33.6885975344
33.7815224
33.749509
33.7585528
33.83985
33.737507799999996
33.8478479
33.9196333
33.757012700000004
33.659764
33.9238128
33.8455986014
33.8612775
33.9274566129
33.743581799999994
33.6393814931
33.838333
33.890630212800005
33.7924709
33.818476000000004
33.623962
33.8266723
33.933275
33.750615100000005
33.8379669481
33.91643
33.856463899999994
33.925839
33.78153
33.765491499999996
33.8413887
33.762294700000005
33.793271549800004
33.778243100000005
33.83945670000001
33.8279337
33.9171374197
33.9190715731
33.8652613602
33.90805039999999
33.769911379499995
33.7724257265
33.923006
33.9290171091
33.841823600000005
33.7744309
33.9053309
33.739961
33.7600779
33.814776644
33.8591978
33.7738023
33.839913
33.8642215
33.781967
33.9292825
33.7765774
33.844578000000006
33.9328184
33.804880100000005
33.7385395
33.7729556
33.7843096693
33.7713662606
33.626096999999994
33.8483039
33.7597182911
33.9348629447
33.747071999999996
33.753218700000005
33.7653782
33.786349
33.746219599999996
33.891411
33.8007211892
33.6396613679
33.840583
33.785837
33.7240758642
33.8010902
33.8071951
33.9025669
33.749405200000005
33.6592848
33.7380841756
33.615981915
33.879763
33.8884746
33.9192660074
33.7832615
33.784522499999994
33.7931066
33.892607399999996
33.8924
33.845803000000004
33.772601
33.8424902
33.750868
33.8547178196
33.8100563
33.874184
33.886257
33.920041999999995
33.890863439600004
33.7678527832
33.764322
33.7699711
33.666911299999995
33.68578
33.8456535
33.87010693
33.927838
33.7403595
33.927204100000004
33.9224516
33.9071396
33.847423
33.8863022
33.942711200000005
33.7465954865
33.856701
33.7561017
33.9218143903
33.771632000000004
33.753071999999996
33.8565284532
33.8546696
33.801949
33.8072777
33.763943499999996
33.7971485492
33.8898842
33.7770158
33.78805070000001
33.9292749
33.739952
33.6379858267
33.786080600000005
33.8148191
33.796155999999996
33.8886027266
33.7834506372
33.845214
33.8044267992
33.755
33.6408209597
33.7817676
33.7556237537
33.780195
33.88355
33.9087861
33.786349
33.757177899999995
33.7864313
33.885148
33.6044318
33.864911799999994
33.8880079
33.841501799999996
33.7580801
33.887265
33.7579451032
33.8008889
33.7647622
33.64
33.7497494
33.885911
33.934529325999996
33.761595850700004
33.7558448
33.872655
33.754167100000004
33.9475624006
33.9076991
33.8148984133
33.920861928
33.9209175333
33.7833110141
33.8671166
33.75417879999999
33.81522443
33.7852637
33.8364186
33.8140729
33.705871
33.6422788619
33.76432
33.7989239
33.8187641405
33.7598559
33.7829497
33.917098200000005
33.731809000000005
33.888977000000004
33.7999846144
33.771687
33.804813
33.9279
33.8648916114
33.920916
33.9025669
33.9001711
33.889621999999996
33.8424946
33.659574
33.7475854439
33.773052
33.86760863
33.903285
33.7713659354
33.816665
33.889773
33.798402776399996
33.7841630885
33.8479419289
33.7757369
33.9474568
33.9226065
33.8101162
33.919048700000005
33.8262452966
33.886002194
33.896510600000006
33.7622202
33.764790999999995
33.815334
33.9055396
33.864933
33.880578799999995
33.840803
33.8284428374
33.640473636100005
33.83842
33.9241702075
33.773584
33.7867097
33.9362874
33.858621299999996
33.8438727741
33.903494
33.755318700000004
33.8140644
33.7866185
33.7578272728
33.7336284
33.642167959
33.62757
33.9025669
33.9031712
33.9000467
33.6669029
33.814729
33.7790046
33.759598700000005
33.806311
33.761831651
33.8375739
33.8430869
33.7412637696
33.861373
33.9088589369
33.791768
33.654221
33.7927977913
33.849145
33.699612
33.6109169
33.652372107800005
33.9016852369
33.79598529999999
33.8417842857
33.877468
33.9044687
33.884704799999994
33.853001
33.8528035
33.828018799999995
33.7765304
33.921310600000005
33.841388964800004
33.807915
33.8674395
33.7741835
33.752191499999995
33.8596166585
33.7581967
33.8888578916
33.8934591
33.764853
33.6422232791
33.6591253
33.8151813848
33.9247398
33.8624265
33.8986430443
33.813963
33.7557076687
33.7808638542
33.772533099
33.7613935
33.7590292
33.8649814
33.7530994
33.91853
33.9128292562
33.8134559
33.870081799999994
33.786929
33.8855468
33.8596445
33.7555524121
33.8591978
33.7700982
33.801190400799996
33.779761
33.8088283
33.7848195
33.8045618736
33.8241945
33.771643
33.75946
33.8910845
33.807907
33.8582021
33.8282373658
33.850770664
33.723597
33.743291
33.8016534976
33.797614
33.846287
33.7590563
33.7600008
33.756986600000005
33.7780006367
33.9142985
33.800175
33.8150671
33.8941956
33.776849
33.8440191
33.76297352
33.7792143
33.901996000000004
33.883612
33.889917499999996
33.762025582
33.899514200000006
33.8690691
33.782956
33.7068567
33.754750266900004
33.7405751
33.882709999999996
33.825608
33.8778350129
33.7999602
33.68174260000001
33.7795837
33.8679565327
33.779865
33.871251799999996
33.7222761
33.75270510000001
33.8098903056
33.7651838346
33.923643
33.7858822
33.764022
33.845605
33.7837311
33.8674184
33.640813728299996
33.7427476
33.7589598122
33.8809416
33.8869789349
33.779051
33.7543026
33.725051
33.7400468975
33.756896000000005
33.8930228
33.7798635
33.901727
33.936682
33.782343
33.7839725
33.756821347
33.7549857
33.8178752
33.698248299999996
33.7744307
33.780978999999995
33.8919221361
33.754153
33.8613172432
33.8174464963
33.852937
33.653864561
33.922189
33.772831
33.811519590100005
33.613003202399995
33.7805996
33.79582
33.6389114352
33.848229427
33.8720633
33.88312
33.740445
33.753826000000004
33.65942879999999
33.7703989583
33.756112
33.7822939
33.8528035
33.7638261
33.6122037
33.759075
33.641005
33.892513489
33.758928999999995
33.9204202
33.7731983
33.686175131999995
33.858371871799996
33.837408
33.7730176
33.88485
33.6409549403
33.791568100000006
33.752265
33.8676889
33.784628999999995
33.8926432334
33.8841143
33.907765999999995
33.73995
33.929350299999996
33.7357017056
33.919519
33.800175
33.7622157
33.918234000000005
33.7790944
33.6434455448
33.91965979
33.8520311
33.762992677199996
33.741862
33.7826827
33.8810116
33.63742
33.880503632199996
33.664660999999995
33.787467
33.9229647735
33.8475106
33.776895
33.813373
33.7567626028
33.8007561
33.919219
33.64
33.8009586022
33.756620646900004
33.9238361858
33.764832899999995
33.688749
33.7860044229
33.7556394754
33.65371
33.7803476
33.812666899999996
33.7215044
33.9193695
33.891510700000005
33.7403724407
33.641057
33.8587386
33.8393972923
33.815961
33.9230015
33.7788089
33.754510100000005
33.847955
33.640768932
33.75354
33.9005747
33.7594349
33.776218
33.78443729999999
33.8012986
33.7758555415
33.792815999999995
33.7592678027
33.80142539999999
33.90784620000001
33.7755162
33.8147849079
33.8268857661
33.708949700000005
33.800514148299996
33.907448732
33.6578401
33.7541564
33.896831
33.7393507
33.734944
33.8544615
33.770845
33.765713
33.8284804561
33.697495
33.817909
33.7191065
33.7802171418
33.775220000000004
33.880765000000004
33.7643937968
33.7723025
33.745748999999996
33.624140000000004
33.8823895623
33.905831400000004
33.8426158238
33.8809718893
33.7626378
33.745847999999995
33.8022366
33.781420399999995
33.821251000000004
33.784621
33.754200700000005
33.7376751
33.80728870000001
33.784453000000006
33.7806626847
33.911944
33.8136142391
33.7846416244
33.936216302800005
33.6268488912
33.907036600000005
33.9221058
33.9321333
33.810335200000004
33.65851370000001
33.7869829829
33.858655
33.872602
33.7840151
33.948541999999996
33.738430092399994
33.749994
33.737544899999996
33.653815
33.7567065
33.640915500000006
33.852527
33.8725574
33.7536420713
33.83791
33.8848297846
33.8591978
33.757795
33.884643
33.752621000000005
33.7535491
33.763333086399996
33.6186711
33.935554072399995
33.7243102
33.9078676265
33.880511
33.6808172787
33.890189
33.9025669
33.870002
33.7393507
33.780139
33.90797
33.6613065
33.640819231
33.8477681
33.8093506
33.8624265
33.764832899999995
33.75975
33.766324299999994
33.9321333
33.850631
33.7219593601
33.658913
33.825655
33.7769336
33.8712090457
33.8444028
33.826192
33.850243
33.8516403
33.8845138
33.918391
33.8274235016
33.7613764443
33.842929600000005
33.773011
33.843208000000004
33.8176479
33.7540783723
33.7440941
33.6404091001
33.7578357
33.7568429416
33.846405
33.7639556
33.7956505
33.776267536700004
33.6016445
33.7956456
33.776157
33.8969524286
33.8465648267
33.9195956
33.8109697
33.7591346
33.928395200000004
33.7619464971
33.740005200000006
33.7338528
33.776894
33.901311
33.7565060044
33.7680536
33.894529399999996
33.8073749
33.8973584638
33.8382387014
33.8506890491
33.7566912428
33.7680239
33.6668832482
33.929039
33.817122399999995
33.8178301084
33.7956456
33.778935700000005
33.640741999999996
33.755070399999994
33.78815
33.9101967736
33.740702947399996
33.7595475225
33.799445
33.7563531
33.8228857
33.757155048200005
33.9220229699
33.7820654606
33.8885729
33.7888588415
33.8007989
33.6877868
33.7863435868
33.76895
33.7503537
33.901245
33.7622616
33.869654205799996
33.9268277889
33.8937068014
33.7619081
33.9238569
33.754135299999994
33.9077934378
33.755774
33.929363
33.7711303925
33.639972411399995
33.7818077
33.722289
33.806812799999996
33.731487
33.766928
33.7472300712
33.9324876
33.6550726129
33.740631799999996
33.8476821
33.9201015
33.849687
33.808668
33.879856
33.74068270000001
33.7980135349
33.698565
33.914944
33.8948991007
33.891055200000004
33.7857727
33.6409452085
33.786862
33.8828117809
33.7857698
33.764579499999996
33.7509487421
33.898157899999994
33.78805070000001
33.811710600000005
33.7860304
33.858654863699996
33.7450944
33.887205
33.9232565
33.9178828
33.771947
33.7730832
33.815784
33.9143625
33.9292937
33.8852842
33.7649298
33.778144
33.8516971
33.759516999999995
33.772546999999996
33.786997
33.921894
33.8279874
33.880756899999994
33.7222372
33.786149303
33.781726899999995
33.641746999999995
33.773354299999994
33.794608000000004
33.758659
33.800705
33.936583
33.754762
33.898647347
33.8679226904
33.623828
33.7838266
33.776895
33.746557180799996
33.7714804
33.877123
33.81465692
33.855768
33.7322266934
33.845612
33.779415
33.89378
33.6814861
33.8906524779
33.8134526
33.842448
33.870081799999994
33.913427
33.8818865
33.8987505
33.812195700000004
33.907699
33.81883
33.7244791
33.8332493259
33.8421937294
33.818502
33.8456973376
33.8855822
33.754308
33.896271999999996
33.7949724757
33.785905
33.9365240615
33.9201675
33.871588635500004
33.889821999999995
33.7567055925
33.75099829999999
33.9207484
33.848952399999995
33.9080588
33.7833663
33.837501
33.7817705
33.762945
33.6580395
33.77298270000001
33.784401288299996
33.757315400500005
33.795570399999995
33.7619166493
33.8880079
33.8807146582
33.8050358704
33.893083000000004
33.7559185
33.8443908
33.7455587633
33.9203861
33.771523200000004
33.64074
33.819413817
33.7598751
33.7450523
33.7226855
33.6570511
33.8316635
33.64
33.9047978
33.8574073
33.7620059
33.7730394959
33.861106899999996
33.749852000000004
33.6125441757
33.840019207
33.7323901157
33.73911549
33.7384972
33.8008997
33.761694299999995
33.740801899999994
33.8369157982
33.9100047711
33.818856989000004
33.8406224
33.838411646
33.8848866
33.8474414592
33.9333446
33.7839973
33.8372922
33.844820359
33.8698513
33.7934144112
33.8657920898
33.9228345818
33.9193217726
33.9332779739
33.870081799999994
33.723817
33.9321097442
33.7390936
33.884632
33.781428999999996
33.8981489
33.932213399999995
33.7639333
33.659175299999994
33.764869700000006
33.835855
33.796507500000004
33.7546303431
33.755318700000004
33.865474
33.753858
33.948146200000004
33.854739
33.8599118
33.750189
33.736829
33.928505
33.914299
33.9185234
33.761546
33.7772391643
33.780390000000004
33.796729
33.7574664
33.9365892602
33.9193966
33.846334999999996
33.8400245
33.8658309
33.8642215
33.7607765
33.765482
33.871405200000005
33.76534
33.800968700000006
33.787526
33.8425964
33.8280828
33.7509636039
33.810101
33.7364062767
33.8927899012
33.891195200000006
33.755723700000004
33.8648055
33.784846
33.816352
33.9280201
33.8330875
33.82609
33.912821
33.8144712074
33.813393
33.64122879999999
33.792418
33.772527000000004
33.8330875
33.7403865
33.7846218
33.843482
33.6405727743
33.786127
33.8885490352
33.888506
33.840990000000005
33.8392249
33.745586200000005
33.861436100000006
33.792772
33.7546354
33.9235944
33.734471899999996
33.653627
33.843154600000005
33.7541423817
33.925607
33.848846
33.7868120404
33.8279874
33.663284000000004
33.7602157
33.7409608352
33.879891
33.881344
33.816365000000005
33.85410460000001
33.9170796
33.9106434778
33.821439500000004
33.918428600000006
33.7727744
33.888478647199996
33.8801211468
33.890721
33.748041
33.686198299999994
33.7544968
33.9311125
33.900485067800005
33.91344
33.7900091
33.84145
33.756452200000005
33.7859273
33.87551129999999
33.7534265
33.9308491
33.884809499999996
33.809746999999994
33.653771
33.8701238084
33.641376
33.8650988744
33.811889
33.7574775608
33.8254078
33.7561017
33.7496824
33.754228999999995
33.7578839987
33.8564466817
33.8163907
33.763945
33.754153
33.8018416
33.6086938623
33.762778000000004
33.6662795796
33.739461999999996
33.6383463814
33.608596999999996
33.658154100000004
33.7873956
33.761546
33.803606099999996
33.7961486
33.839405600000006
33.776849
33.893688
33.811828999999996
33.8941156124
33.861160600000005
33.833394
33.7461046252
33.925399299999995
33.706292600000005
33.7557265
33.8944375045
33.8145294
33.721719
33.760199
33.926691
33.772769
33.7463115
33.7983233773
33.7535491
33.7815224
33.802997
33.7414126
33.614571739
33.8848773
33.688219700000005
33.816365000000005
33.9482235314
33.7388746
33.81049
33.85959570000001
33.7708173
33.6406546002
33.7478554
33.890792100000006
33.9185678
33.846327288000005
33.754228999999995
33.922056
33.949844
33.919438899999996
33.8810664048
33.8421526
33.858873029
33.927834399999995
33.934045899999994
33.853280298200005
33.8611416
33.6185191695
33.842029
33.78756920000001
33.920998
33.9306528
33.7734009
33.8652359271
33.8189388
33.7859348009
33.813963
33.776849
33.791493
33.884764000000004
33.876271
33.7602463847
33.7924709
33.7813646
33.7891701466
33.774707299999996
33.698663
33.776925399999996
33.781627243
33.787862200000006
33.736586200000005
33.8906772479
33.775531
33.804225
33.886575
33.8756119
33.7927606
33.844050700000004
33.773503000000005
33.756065899999996
33.886368
33.6429693154
33.6239076
33.8651888
33.64221320000001
33.759426700000006
33.9088892666
33.73943189999999
33.925233
33.927659000000006
33.793438
33.8527706
33.757808000000004
33.861181200000004
33.852844399999995
33.8796622097
33.7593154
33.849386100000004
33.866603999999995
33.716460600000005
33.905831400000004
33.7567065
33.661372
33.7590292
33.8368396
33.742055947800004
33.7750369
33.843183435300006
33.8681955
33.9358714897
33.9168719423
33.913596999999996
33.852737
33.751754
33.7459819
33.839135999999996
33.914845
33.6427156485
33.808310799999994
33.8897208315
33.814774878499996
33.7472044
33.755711
33.941228
33.7725223
33.7504194
33.640843
33.900199
33.762415999999995
33.6590749
33.932887799999996
33.889375756599996
33.805435100000004
33.6070649859
33.7461018374
33.7735389
33.879734
33.851743299999995
33.7622674
33.9015914
33.888906
33.725482
33.771032
33.6538028
33.745631
33.863589000000005
33.659418
33.7243934608
33.932522855900004
33.756717
33.6884093
33.6877868
33.7668060297
33.861373
33.772263
33.640997999999996
33.74091129999999
33.7889876
33.75079829999999
33.657696200000004
33.76274229999999
33.810982
33.7385272046
33.9057573
33.8033646561
33.903563136100004
33.8478479
33.816933299999995
33.7923475
33.90805039999999
33.76432
33.8905571
33.786908000000004
33.736647
33.756785666999995
33.7399087285
33.784345
33.804603
33.8004825392
33.7520307612
33.7377314794
33.845548957800005
33.81981
33.8985032
33.8157669
33.7832346
33.7880021176
33.7389591
33.641740000000006
33.7990395
33.802409499999996
33.827338369
33.81738970000001
33.7717008
33.777907
33.760912
33.780482
33.756947
33.815090999999995
33.8398442567
33.6901098
33.9198998067
33.7730373963
33.74706
33.804511
33.7639648
33.9473441
33.7477683
33.858664000000005
33.9248539
33.90596
33.8085751
33.688532
33.839928
33.844667037600004
33.7410967
33.8081696
33.924
33.7409257816
33.860068400799996
33.8373022622
33.6591963
33.810411
33.7558768616
33.873664899999994
33.759349
33.6409696285
33.749399155
33.915638
33.772519
33.8077079329
33.7927662601
33.641601
33.765005
33.8319276411
33.7564594
33.848591799999994
33.8208934
33.8879249498
33.7556977
33.737860999999995
33.743984000000005
33.77667
33.7517316
33.7409036
33.724444615
33.7864572775
33.7653662
33.617248100000005
33.7558930811
33.823073
33.8719109
33.8741613476
33.847639
33.657399
33.7741471
33.8407921
33.730067
33.850588099999996
33.766665
33.829308000000005
33.826734
33.880581
33.783569
33.884438
33.775458
33.7546043396
33.7825408593
33.78293
33.773187799999995
33.9224927
33.788407
33.821496
33.848490000000005
33.8775326685
33.8134575
33.740962599999996
33.9079754746
33.6599272707
33.816778
33.880765000000004
33.865607700000005
33.948629
33.871264399999994
33.8629646682
33.8472023642
33.877317
33.919984
33.886469399999996
33.7927506
33.762347999999996
33.79951629999999
33.7565306825
33.7736624
33.889743
33.9230015
33.926297999999996
33.74909279999999
33.6874013
33.7972634515
33.795884
33.781868152
33.8696939874
33.8843141914
33.8114434
33.7843740596
33.8141566
33.760209100000004
33.641565982399996
33.7528683603
33.7929967983
33.91665029999999
33.767331
33.9034336606
33.8453647556
33.919535499999995
33.842271999999994
33.8265773256
33.702808700000006
33.8705018
33.858621299999996
33.789817799999994
33.812020600000004
33.9000973
33.84369
33.892939
33.9099053499
33.897555
33.6409418314
33.776473700000004
33.6398948367
33.7234
33.7507445
33.779796999999995
33.7525251
33.888906
33.777446999999995
33.8796620684
33.8734977167
33.8649814
33.8811404
33.90430870000001
33.706613399999995
33.6408586
33.8572519952
33.846725899999996
33.788596999999996
33.811607
33.752834083
33.7773227
33.7556317
33.8803788141
33.9226761
33.935793
33.7318652
33.7607648
33.75635820000001
33.7540215
33.9419540293
33.747522499999995
33.896642
33.9306690709
33.720786
33.778816799999994
33.622064
33.781649
33.8108706
33.77808710000001
33.7400979
33.639574281
33.7554587314
33.865897
33.640796
33.922127642
33.8586058
33.752432
33.6398116329
33.7586089802
33.8852192
33.603330879699996
33.8076078
33.6822917
33.773974100000004
33.870407649200004
33.801004
33.751853600000004
33.788131
33.793186
33.688849
33.8879541
33.6407282
33.786071299999996
33.780474100000006
33.8150245081
33.7497612994
33.7610547
33.858655
33.900807
33.810495700000004
33.858621299999996
33.919706
33.777443
33.78133
33.8014003257
33.7778650435
33.7775497152
33.7866310637
33.7510599
33.784755
33.860677200000005
33.846305
33.641669
33.845699700000004
33.8801070156
33.754115999999996
33.740908000000005
33.8518286554
33.7388491
33.7590584
33.9224281311
33.847435
33.828018799999995
33.785834
33.7835889
33.747625727199996
33.86495
33.923462
33.756947
33.801069615
33.838424298
33.847652000000004
33.7933657935
33.7882204
33.761202779499996
33.763826
33.777687
33.7239949959
33.79598529999999
33.83898
33.9222
33.8147651721
33.782891
33.792691999999995
33.750275
33.7623437
33.7715446
33.8126792908
33.8466138235
33.7791016
33.8982471
33.9177824108
33.907851151799996
33.919488
33.7637062
33.877835
33.922642093200004
33.800968700000006
33.9058701
33.788529700000005
33.8418144727
33.908419
33.765005
33.68729879999999
33.813935
33.764873
33.8896186588
33.780109499999995
33.7769307375
33.7741158
33.788312299999994
33.723068
33.884809499999996
33.805248999999996
33.921065534200004
33.7930127095
33.789398
33.792028601999995
33.786898
33.877942034600004
33.7327898
33.809635
33.8459505358
33.8169488
33.6156852
33.929513
33.75768970000001
33.7371169
33.883821844
33.7401527
33.9280201
33.8824376737
33.743291
33.761507
33.6575254968
33.777443
33.811966
33.680615700000004
33.8225943
33.8163554
33.7784055
33.7742484
33.7770355
33.8384098
33.773711
33.753601
33.737105932
33.847017
33.84063
33.7639105
33.788407
33.853457299999995
33.8930899853
33.8187505
33.845234999999995
33.8922629
33.7790046
33.7835027
33.772631276700004
33.93417410000001
33.7219416
33.742332
33.7783157
33.7884726037
33.736601799999995
33.793278799999996
33.756308000000004
33.8833224
33.7822276
33.87185
33.7730600427
33.9236119
33.8885249813
33.740338799999996
33.7560556
33.9290201
33.7543819
33.8394916973
33.8447027
33.653281400000004
33.7418713977
33.8913696896
33.7813232429
33.774238586399996
33.642505
33.7824265
33.776899799999995
33.844747999999996
33.8738974
33.8883583
33.7613755
33.9328055
33.941565000000004
33.772919200000004
33.772599
33.6175791256
33.7150976
33.642233032
33.7870109
33.7838742
33.8133641943
33.89894879999999
33.8046658935
33.891315999999996
33.7143000048
33.93119
33.7818854
33.757940157600004
33.8302014392
33.919199182199996
33.9087861
33.9040405811
33.7648822
33.7374250647
33.757715600000004
33.8454967
33.935656
33.662857
33.7388718176
33.7708814704
33.791589918
33.72399883
33.7796037764
33.782269799999995
33.7811208
33.641347949200004
33.8810886
33.7023305
33.85419
33.787778
33.7726550232
33.8760651
33.791746
33.638975
33.820631
33.7930185
33.7615008
33.84705
33.6109037
33.7460972304
33.640976
33.784890000000004
33.9235944
33.7822650818
33.7630156823
33.8807709653
33.8329612
33.841083000000005
33.7934301
33.784655
33.8432992387
33.721812799999995
33.928494
33.859951015
33.912773
33.747924499999996
33.880271854600004
33.786832000000004
33.7926977
33.827411313
33.719248
33.752506
33.8592468
33.7837937591
33.8923732572
33.757849
33.6769458
33.7774125926
33.6600226576
33.734517499999995
33.773354299999994
33.76012539999999
33.759147999999996
33.7931857
33.751807799999995
33.78634279999999
33.642441276999996
33.9170740786
33.6672859224
33.755964487600004
33.920007500000004
33.721571999999995
33.92098920000001
33.7563436013
33.913566506100004
33.9332119
33.754024
33.746686
33.6392448259
33.7129524
33.8169666652
33.7645524
33.7524502538
33.8364566
33.8468412012
33.8622018375
33.8798665794
33.8414148936
33.931199
33.7613638152
33.8885350698
33.640829891799996
33.742693
33.90745870000001
33.7471391885
33.7541085
33.761581299999996
33.7463362
33.6488372752
33.770845
33.7258342556
33.888078
33.8870067675
33.771486712199994
33.8150289
33.754639000000005
33.7884305
33.8700441
33.8866532
33.7539933
33.839186
33.6588203008
33.80587
33.756595000000004
33.7411600343
33.7667951
33.79598529999999
33.859863
33.7616477513
33.7372523
33.6053042
33.761694299999995
33.689924
33.7540215
33.640782198800004
33.758269
33.601645
33.7935245592
33.892644
33.7662727
33.792713
33.736624
33.781982899999996
33.756309
33.7821274
33.758086999999996
33.784802
33.9083360953
33.7604276519
33.737571200000005
33.61822539999999
33.844662299999996
33.7423066
33.9080588
33.8453569
33.756479999999996
33.746427399999995
33.7935637571
33.881465000000006
33.780356
33.776136
33.7381471
33.887694700000004
33.8475033
33.757111
33.722265500000006
33.9361939084
33.658320721799996
33.7517828
33.8898593
33.8907516
33.775220000000004
33.839871
33.7859958263
33.887974783800004
33.798246999999996
33.885735
33.6594119
33.73235579999999
33.6404632989
33.787863996700004
33.801242391500004
33.6161258
33.7724633
33.7639527
33.659597999999995
33.6614548557
33.696824
33.6408120277
33.687933165100006
33.7722863
33.839366399999996
33.659482000000004
33.7476487
33.8770045
33.846154
33.762419799999996
33.8285473
33.6071438213
33.8014873
33.64432
33.8624377
33.705364454699996
33.89368820000001
33.6387132774
33.921943
33.885575180100005
33.682331
33.7931602
33.6509524468
33.8872561
33.836534
33.9250912659
33.921076
33.805664799999995
33.751448499999995
33.9411897
33.738746069499996
33.760209100000004
33.758312
33.921554
33.754316951
33.7516231
33.7935121
33.7457979
33.8169437
33.7460355
33.9180041114
33.783217900000004
33.9019859931
33.760412
33.9081714614
33.947221
33.886885
33.845091
33.8009361
33.772227799999996
33.8367701457
33.811352
33.6437239722
33.84164929999999
33.753601
33.908726
33.786817
33.754193
33.763266837399996
33.861878999999995
33.659144
33.866167299999994
33.8811709
33.8478666667
33.804787700000006
33.858796000000005
33.856441967399995
33.9459216705
33.7578274
33.820398
33.8803555
33.929241
33.7979955
33.743689
33.894606
33.8214015
33.6514292
33.948915899999996
33.816724
33.860677200000005
33.8140644
33.8160016212
33.862244
33.8009361
33.784569700000006
33.788407
33.900991999999995
33.755646
33.6593844
33.782140000000005
33.9184883
33.8424946
33.8130099
33.7329462103
33.8934211
33.6395142271
33.830714
33.7381652
33.8228857
33.761510200000004
33.867556266
33.8914278067
33.800336346
33.8940999
33.65903
33.81635429999999
33.8847593
33.8518584
33.880044
33.8279080681
33.772874
33.803778338899996
33.8368
33.7515736
33.786586
33.9311967753
33.7585855959
33.7782989
33.929455
33.756103327
33.8933077021
33.7602246
33.860677200000005
33.7878911
33.7580778
33.6903782
33.759053
33.843848
33.756331599999996
33.654457
33.880478000000004
33.7569938598
33.7775255
33.9358472857
33.886558
33.7510204126
33.7709546752
33.9074208304
33.7460355
33.787168799999996
33.927122999999995
33.880879
33.893083000000004
33.921034000000006
33.832904
33.8408856
33.765085
33.7510285
33.725542
33.914693
33.807593869499996
33.84317
33.6910477
33.7846625
33.7578269941
33.837033
33.9212754
33.732796
33.8891201
33.7707612812
33.7540315
33.7527854
33.7222568472
33.7584213
33.935256
33.8457012426
33.907454
33.7598612343
33.934449799999996
33.7571089
33.742115000000005
33.6376701239
33.7694754
33.7220618489
33.823828999999996
33.889505299999996
33.725074
33.78750934
33.865177387399996
33.9027881677
33.7546165046
33.8972905606
33.6538209
33.790117200000005
33.909176
33.7797200205
33.906488700000004
33.744507
33.839581700000004
33.878485999999995
33.696093700000006
33.7677571
33.736987
33.754411299999994
33.7863697
33.7773713036
33.9222764202
33.8730667
33.780215000000005
33.68164
33.857762799999996
33.8351598213
33.816736999999996
33.802156200000006
33.64122879999999
33.7400423696
33.6248308
33.887762
33.93606
33.74621810000001
33.845003999999996
33.8855468
33.757216491
33.8781544375
33.723859999999995
33.860209863499996
33.792878833
33.793248999999996
33.757311
33.886295000000004
33.8773151944
33.7602290535
33.7854
33.8226088
33.751419
33.7554029
33.884551
33.8098014
33.756326
33.764579499999996
33.641086
33.859721715
33.7765947367
33.8116058254
33.754277
33.7516327761
33.8397753
33.8608624
33.6881180264
33.658572899999996
33.7567769
33.8425791
33.886256
33.8712428
33.8416137
33.7723722163
33.640928875300006
33.8506895
33.8171906
33.7796430465
33.85739470000001
33.7476487
33.862190500000004
33.90557379999999
33.8736948023
33.644063
33.883767
33.7410353772
33.79261001
33.746909
33.641341
33.9250211
33.639514
33.726741527600005
33.6406547057
33.8005144
33.8906958073
33.9319537
33.903269099999996
33.738597999999996
33.7006867983
33.772263
33.792656
33.7833663
33.6594751
33.8594653
33.754171
33.7497114
33.921313
33.754287
33.7880725
33.759610781
33.7717269
33.666761630399996
33.9407028
33.791437200000004
33.778828999999995
33.927981
33.750265
33.8921637085
33.8467553212
33.8703608306
33.7184524
33.8373421
33.7764095
33.7910780872
33.8795337
33.916354299999995
33.8396135
33.8885887505
33.651764691
33.948582
33.7224015616
33.9473441
33.8024526
33.7557132
33.895874600000006
33.8583986
33.8036460852
33.756817299999994
33.837396999999996
33.847595
33.8372080429
33.8926810673
33.8870023659
33.8417629
33.8512993188
33.846678219
33.771619
33.7650210007
33.7783839848
33.897419899999996
33.760408
33.816373999999996
33.8906239565
33.761631
33.941459446799996
33.8826817493
33.779433000000004
33.7407555
33.78154
33.878349799999995
33.7289579
33.753384999999994
33.7828318607
33.7436146
33.816365000000005
33.642539627
33.886173
33.844945745100006
33.6409297635
33.9294869
33.745928950999996
33.7599341979
33.826621566
33.929541
33.7721755
33.780277000000005
33.75396
33.7773727
33.8176633959
33.7803652541
33.7086047
33.7532055
33.886376079099996
33.885416799999994
33.8145294
33.749537100000005
33.721919
33.7653782
33.745056
33.787022799999995
33.78194379999999
33.7946333
33.7006459
33.900138498000004
33.8373871462
33.7179939862
33.7410627
33.85062670000001
33.7868725
33.765026
33.756794586999995
33.640961
33.7929719885
33.7618737193
33.8591978
33.7596133
33.8274532
33.756847
33.711019
33.88503660000001
33.815379
33.907933
33.6564551
33.7615349992
33.789322
33.9001711
33.6379944189
33.936899
33.9130438
33.7977476445
33.8016988
33.753601
33.7725524902
33.867131
33.729521999999996
33.8814762565
33.68853
33.7849102
33.7403531
33.7613854759
33.790145
33.8894731194
33.75622
33.9251497306
33.776784
33.861359375
33.782594399999994
33.875542494099996
33.89368820000001
33.8113304
33.7391776
33.659695
33.78634279999999
33.7801644
33.897191
33.7829497
33.8491893
33.8678126876
33.75452620000001
33.8366387
33.688402
33.7807009
33.8394648
33.7497494
33.778738
33.864304
33.766890234899996
33.8316648
33.81515039999999
33.849872
33.8181439
33.640713775100004
33.8042384313
33.830734
33.8055185
33.716909731
33.742780200000006
33.75379829999999
33.752013899999994
33.848835
33.9128181
33.854369299999995
33.7440941
33.9131691
33.8078618
33.8810512673
33.779257741900004
33.7752491
33.851569
33.754112
33.885881
33.750934281599996
33.758533
33.74648320000001
33.866465500000004
33.7819764
33.6409343327
33.8413889
33.79255
33.64
33.845617700000005
33.7499693
33.859943900000005
33.7363844733
33.7802528729
33.8892458684
33.9221372162
33.7609953
33.8707782432
33.7583872
33.7554158
33.777926
33.8216737906
33.8368309
33.8481768894
33.8366387
33.752308899999996
33.7470222
33.791491799999996
33.8599236792
33.91633
33.8376843
33.605401
33.7822276
33.8070532
33.9074214
33.7847057
33.927978284299996
33.784540899999996
33.641442
33.892244299999994
33.800806
33.689705
33.9212756
33.8905571
33.698565
33.7477409
33.6577
33.9320854205
33.896388
33.7950295301
33.7620065583
33.6513372
33.6401272706
33.6408302914
33.88280418
33.8967824
33.740314
33.870081799999994
33.778124
33.897998
33.762943
33.8812782456
33.8315730112
33.7133019
33.83057
33.8447027
33.870132299999995
33.757026157199995
33.6584414
33.7946424477
33.837939500000005
33.870132299999995
33.7613935
33.77333
33.779756400000004
33.8167047
33.8062119
33.9210736195
33.867986
33.7560516121
33.659265399999995
33.8507440802
33.655989399999996
33.8464688
33.8740334275
33.7367172
33.9352235125
33.879872
33.651064700000006
33.787963
33.7142999
33.7578274
33.881465000000006
33.914442799999996
33.7840589594
33.886256
33.880472
33.7222803279
33.7410419
33.88332
33.77657
33.901926
33.7295669241
33.6264590824
33.8719109
33.838793
33.8201295
33.600871600000005
33.756168200000005
33.738501
33.890621
33.623196500000006
33.7571089
33.870588
33.696501
33.6159716
33.7560126
33.739242299999994
33.825196356
33.7494101102
33.923435
33.9088808894
33.890120399999994
33.8599715
33.895239399999994
33.8372
33.816704
33.751853100000005
33.8969774
33.681876200000005
33.7820185
33.772185
33.817716
33.9217467
33.8840269604
33.7577335582
33.8703854859
33.7542409
33.7544274
33.841243
33.9376620566
33.858400200000005
33.8847525948
33.6098306
33.8683613
33.7589899164
33.7432838174
33.7717008
33.7946333
33.838151
33.7081654
33.742255
33.7821211
33.784312400000005
33.8079251
33.848248
33.7875206
33.7004182
33.749880299999994
33.76966779999999
33.65861760000001
33.7847458972
33.7577923138
33.6971939337
33.8917492
33.878
33.7748729
33.657493200000005
33.834641999999995
33.706436700000005
33.7586144
33.932071506999996
33.746057
33.933414899999995
33.7927506
33.820161
33.78805070000001
33.9196385
33.643037
33.774519500000004
33.605799100000006
33.7900414
33.7572044
33.848149
33.7432739
33.775544000000004
33.865607700000005
33.7578357
33.8851855
33.9237849
33.773673200000005
33.8727381
33.760758
33.890066999999995
33.7409265
33.929126802
33.8149967
33.8615494713
33.7540215
33.8142167
33.723212
33.821467
33.821958200000005
33.7232296269
33.7559515
33.7542656553
33.889511
33.8934068029
33.806717799999994
33.9243829552
33.774229999999996
33.785008000000005
33.773536
33.852144200000005
33.810996
